version: 1
creator: callgrind-3.10.1
pid: 8436
cmd:  ./um midmark.um
part: 1


desc: I1 cache: 
desc: D1 cache: 
desc: LL cache: 

desc: Timerange: Basic block 0 - 38592791796
desc: Trigger: Program termination

positions: line
events: Ir
summary: 212012343649


ob=(2) ???
fl=(12) ???
fn=(232) 0x0000003bede03d90
0 2
cob=(5) /lib64/libm-2.12.so
cfi=(52) ???
cfn=(234) 0x0000003bede03e70
calls=1 0 
0 6
0 1
cob=(5)
cfi=(52)
cfn=(240) 0x0000003bede03f10
calls=1 0 
0 6
0 1
cob=(5)
cfi=(52)
cfn=(246) 0x0000003bede43f80
calls=1 0 
0 11
0 2

fn=(276) 0x0000000000400b40
0 2
cob=(6) /h/kliu04/perf/um
cfi=(53) ???
cfn=(278) 0x0000000000400d0c
calls=1 0 
0 6
0 1
cob=(6)
cfi=(53)
cfn=(284) 0x0000000000400e10
calls=1 0 
0 15
0 1
cob=(6)
cfi=(53)
cfn=(294) 0x00000000004063f0
calls=1 0 
0 12
0 2

fn=(614) 0x0000000004801798
0 2
cob=(4) /usr/sup/valgrind-3.10.1/lib/valgrind/vgpreload_core-amd64-linux.so
cfi=(43) ???
cfn=(616) 0x0000000000000570
calls=1 0 
0 1233
0 2

fn=(186) 0x0000000004801490
0 2
cob=(4)
cfi=(43)
cfn=(188) 0x00000000000004e0
calls=1 0 
0 6
0 1
cob=(4)
cfi=(43)
cfn=(194) 0x00000000000005f0
calls=1 0 
0 16
0 1
cob=(4)
cfi=(43)
cfn=(204) 0x0000000000000760
calls=1 0 
0 12
0 2

fn=(598) 0x0000000000406428
0 2
cob=(6)
cfi=(53)
cfn=(600) 0x0000000000400da0
calls=1 0 
0 27
0 2

fn=(644) 0x0000003bede43fb8
0 2
cob=(5)
cfi=(52)
cfn=(646) 0x0000003bede03e90
calls=1 0 
0 1496
0 2

ob=(4)
fl=(43)
fn=(204)
0 12

fn=(194)
0 16

fn=(616)
0 10
cob=(3) /lib64/libc-2.12.so
cfi=(105) /usr/src/debug/glibc-2.12-2-gc4ccff1/stdlib/cxa_finalize.c
cfn=(628) __cxa_finalize
calls=1 31 
0 62
cob=(1) /lib64/ld-2.12.so
cfi=(54) /usr/src/debug////////glibc-2.12-2-gc4ccff1/elf/../sysdeps/x86_64/dl-trampoline.S
cfn=(262) _dl_runtime_resolve
calls=1 30 
0 1133
0 5
0 9
cfn=(636) 0x0000000000000500
calls=1 0 
0 9
0 5

fn=(636)
0 9

fn=(188)
0 6

ob=(5)
fl=(52)
fn=(240)
0 6

fn=(234)
0 6

fn=(246)
0 11

fn=(646)
0 10
cob=(3)
cfi=(105)
cfn=(628)
calls=1 31 
0 62
cob=(1)
cfi=(54)
cfn=(262)
calls=1 30 
0 1406
0 5
0 13

ob=(1)
fl=(10) /usr/src/debug/glibc-2.12-2-gc4ccff1/elf/dl-environ.c
fn=(22) _dl_next_ld_env_entry
31 3
+3 11
+2 124
+11 60
-13 181
+17 1
-15 22
+6 2
-3 2
+3 2
+2 2

fl=(22) /usr/src/debug/glibc-2.12-2-gc4ccff1/elf/dl-error.c
fn=(132) _dl_receive_error
198 10
+1 1
cfi=(2) /usr/src/debug/glibc-2.12-2-gc4ccff1/elf/rtld.c
cfn=(76) _dl_initial_error_catch_tsd
calls=1 796 
* 2
+5 1
-1 1
-4 1
+9 1
+2 1
-3 1
+3 1
cfi=(2)
cfn=(134) version_check_doit
calls=1 660 
* 3617
+2 1
+1 1
+1 8

fn=(74) _dl_catch_error
160 35
+9 5
+2 5
cfi=(2)
cfn=(76)
calls=5 796 
* 10
* 5
+1 5
+2 10
-2 5
+2 5
cfi=(23) /usr/src/debug////////glibc-2.12-2-gc4ccff1/setjmp/../sysdeps/x86_64/setjmp.S
cfn=(78) __sigsetjmp
calls=5 26 
* 95
+1 5
-1 5
+1 5
+2 10
+1 5
-1 5
+1 5
cfi=(29) /usr/src/debug/glibc-2.12-2-gc4ccff1/elf/dl-deps.c
cfn=(112) openaux
calls=4 62 
* 10876
cfi=(2)
cfn=(80) map_doit
calls=1 628 
* 2175
+1 15
+1 5
+1 5
-1 5
+2 5
-1 5
+1 5
+10 20

fl=(29)
fn=(112)
62 8
+7 4
-4 44
cfi=(18) /usr/src/debug/glibc-2.12-2-gc4ccff1/elf/dl-load.c
cfn=(82) _dl_map_object
calls=4 1984 
* 10808
* 4
+5 8

fn=(110) _dl_map_object_deps
149 1
+1 1
-1 2
+1 1
-1 2
+1 1
-1 1
+1 2
-1 4
+1 1
-1 1
+1 2
+16 1
-16 1
+14 1
+1 1
+1 1
+6 3
+10 1
-10 1
+10 1
-36 5
+20 1
-2 1
+19 1
-17 1
+6 1
-6 1
-2 1
+2 1
-2 1
+1 1
+1 1
+6 3
+10 1
-10 1
+10 5
+19 1
-15 1
+18 1
338 3
186 2
338 1
201 2
+2 1
+1 1
338 4
208 1
+5 1
+4 2
-9 4
+5 4
+4 8
+2 2
+3 10
+10 3
-8 3
+7 3
-7 3
+8 3
+3 3
-5 3
+1 3
-7 3
+5 3
+6 21
+50 8
+1 6
-51 292
+1 146
+6 20
cfi=(19) /usr/src/debug////////glibc-2.12-2-gc4ccff1/string/../sysdeps/x86_64/strchr.S
cfn=(60) index
calls=4 26 
* 136
* 12
+5 20
-3 4
+3 4
cfi=(22)
cfn=(74)
calls=4 -87 
* 11104
+2 12
+15 4
+2 8
+5 3
+6 3
+2 3
-8 6
+5 3
-2 3
+1 3
+2 3
+4 18
-59 8
+13 2
466 10
+2 9
+2 9
cfi=(13) /usr/src/debug/glibc-2.12-2-gc4ccff1/elf/dl-minimal.c
cfn=(32) malloc
calls=3 95 
* 87
* 3
+2 3
-2 3
+2 3
+4 12
-1 3
+2 3
-1 6
cfi=(14) /usr/src/debug////////glibc-2.12-2-gc4ccff1/string/../sysdeps/x86_64/memcpy.S
cfn=(38) memcpy
calls=3 56 
* 64
+1 12
cfi=(14)
cfn=(38)
calls=3 56 
* 64
+4 3
-1 3
+5 30
+2 5
+1 34
217 18
+1 4
-1 8
+2 21
488 3
+4 4
+1 2
+3 5
+11 4
cfi=(13)
cfn=(32)
calls=1 95 
* 29
* 1
+2 1
-2 1
+2 1
+5 2
+1 1
-1 1
+1 1
-1 1
+1 1
-1 1
+1 5
+8 5
+4 2
-10 3
+6 20
+4 8
-10 13
+13 2
+53 4
+43 1
-5 1
+6 2
-1 6
+1 3
cfi=(28) /usr/src/debug////////glibc-2.12-2-gc4ccff1/string/../sysdeps/x86_64/memset.S
cfn=(102) memset
calls=1 44 
* 19
* 1
+25 2
-25 1
+25 1
-25 1
+25 1
-21 2
+7 1
-6 2
+6 1
-7 6
+7 3
-6 6
+6 9
+2 12
+1 6
-1 12
+1 9
+3 18
-1 27
+23 6
-28 12
+31 15
+3 24
cfi=(28)
cfn=(102)
calls=3 44 
* 52
* 6
-45 6
+45 1
+7 2
+2 1
+1 1
-1 1
+9 2
+3 2
+3 8
288 276
619 8
cfi=(14)
cfn=(38)
calls=1 56 
* 42
+2 3

fl=(27) /usr/src/debug////////glibc-2.12-2-gc4ccff1/misc/../sysdeps/unix/syscall-template.S
fn=(180) munmap
82 4
+1 1

fn=(100) mprotect
82 24
+1 6

fn=(98) mmap
82 55
+1 11

fl=(14)
fn=(58) mempcpy
56 32
+4 32
+3 32
+1 32
+2 13
+1 13
+2 13
+1 13
+5 13
+1 13
-1 19
+1 19
+2 19
+1 19
+2 19
+1 19
+5 19
+1 19
-1 13
+1 13
+2 12
+1 12
+2 12
+1 12
+5 12
+1 12
-1 20
+1 20
+2 18
+1 18
+2 18
+1 36
+5 18
+1 18
-1 14
+1 17
+5 3
+1 3
+1 3
+1 3
+2 3
+2 3
+1 3
+2 3
+6 32
+4 32
+12 1
+2 1
+1 1
+26 1
+1 1
+3 1
+1 1
+1 1
+5 1
+2 1
+1 1
+1 1
+1 1
+2 1
+1 1
+1 1
+1 1
+2 1
+1 1
+2 1
+2 1
+2 1
+1 1
+1 1
+1 1
+2 1
+1 1
+1 1
+1 1
+2 1
+1 1
+2 2
+5 1
+2 1

fn=(38)
56 19
+2 19
+2 19
+3 18
+1 18
+2 3
+1 3
+2 3
+1 3
+5 3
+1 3
-1 15
+1 15
+2 2
+1 2
+2 2
+1 4
+5 2
+1 2
-1 16
+1 16
+2 3
+1 3
+2 3
+1 3
+5 3
+1 3
-1 15
+1 15
+2 9
+1 9
+2 9
+1 9
+5 9
+1 9
-1 9
+1 16
+5 7
+1 7
+1 7
+1 7
+2 7
+2 7
+1 7
+2 7
+8 18
+8 4
+6 4
+2 4
+1 4
+3 1
+1 2
+5 1
+1 1
+2 1
+2 1
+1 1
+2 1
-8 3
+1 3
+2 3
+2 3
+1 3
+2 4
+9 1
+1 1
-1 3
+1 3
+3 4
+1 4
+1 4
+5 4
+2 4
+1 4
+1 4
+1 4
+2 4
+1 4
+1 4
+1 4
+2 4
+1 4
+2 4
+2 3
+2 3
+1 3
+1 3
+1 3
+2 3
+1 3
+1 3
+1 3
+2 3
+1 3
+2 6
+5 3
+6 3
+1 3
-7 1
+6 1
+1 1
+2 1

fl=(6) /usr/src/debug/glibc-2.12-2-gc4ccff1/elf/../sysdeps/unix/sysv/linux/x86_64/brk.c
fn=(10) brk
29 1
+3 4
+2 2
-2 1
+2 1
+7 2

fl=(9) /usr/src/debug/glibc-2.12-2-gc4ccff1/elf/../misc/sbrk.c
fn=(16) sbrk
35 3
+8 1
-8 1
+8 5
+4 2
+11 5

fl=(20) /usr/src/debug/glibc-2.12-2-gc4ccff1/elf/dl-debug.c
fn=(70) _dl_debug_state
77 2

fn=(66) _dl_debug_initialize
52 10
+5 5
-5 5
+5 10
+5 2
-1 1
+1 3
+1 2
+4 5
-10 10
+4 1
-1 1
+1 4

fl=(4) /usr/src/debug/glibc-2.12-2-gc4ccff1/elf/dl-lookup.c
fn=(162) check_match.12445
133 4986
+1 1662
+2 1662
+2 1236
-2 824
+12 1236
+3 824
+5 115
-1 115
+1 115
-1 115
+1 115
+2 216
+19 216
+1 540
+1 108
-1 216
+1 324
cfi=(15) /usr/src/debug////////glibc-2.12-2-gc4ccff1/string/../sysdeps/x86_64/strcmp.S
cfn=(46) strcmp
calls=108 -44 
* 9316
-1 216
+46 5817
-73 1655
cfi=(15)
cfn=(46)
calls=331 -16 
* 5577
* 993
+64 594
-9 14
+2 14
+1 14
-1 56
-72 1662
+79 838

fn=(6) _dl_setup_hash
873 15
+5 3
+3 6
+2 3
-1 3
+4 3
+4 6
-4 3
+1 6
+2 3
+1 3
+2 3
+2 9
-7 3
+7 6
+1 3
+3 6
+2 2
+2 2
+1 2
+1 2
+2 2
-4 2
+4 4

fn=(158) do_lookup_x
83 1107
+1 123
-6 123
+5 369
-5 1107
+12 123
231 123
+3 123
+39 123
-42 123
+3 123
99 123
-3 123
+1 123
+2 123
+3 123
-3 123
+3 123
-3 349
-3 349
+1 349
+2 349
+3 349
-3 349
+3 349
+4 968
+4 938
+4 938
+7 1407
+4 469
+1 469
227 469
125 938
+1 938
227 469
+1 938
+4 237
+3 237
-3 474
+3 711
+1 237
+3 474
-1 474
+1 237
-1 474
+21 133
+24 708
470 1062
+1 308
-1 856
+4 1079
+4 984
288 868
+4 269
+13 115
+1 115
-1 115
+1 345
+1 115
471 340
cfi=(24) /usr/src/debug/glibc-2.12-2-gc4ccff1/elf/dl-misc.c
cfn=(84) _dl_name_match_p
calls=68 301 
* 3079
-1 340
263 928
+6 2320
+4 5816
cfn=(162)
calls=727 133 
* 24886
+1 3635
-3 3580
-2 2780
-27 690
+1 230
+2 784
+10 271
-7 985
+2 208
+1 104
-1 104
+1 416
-1 312
+1 416
cfn=(162)
calls=104 133 
* 16505
+1 1116
fi=(39) /usr/src/debug/glibc-2.12-2-gc4ccff1/elf/../sysdeps/generic/dl-hash.h
30 123
+2 492
+3 123
-1 123
+1 369
+2 369
+1 492
+2 369
+1 492
+2 369
+1 492
+2 460
+1 3012
+3 3556
+1 1778
+13 889
+1 2667
-18 115
fe=(4)
264 246

fn=(156) _dl_lookup_symbol_x
724 369
485 123
724 738
485 123
724 615
485 615
+1 246
-1 123
+1 369
-1 369
+1 2746
-1 1373
+1 4119
-1 4365
730 123
+9 123
-13 246
+1 246
+12 492
+6 1107
+8 16
-8 40
+2 1845
cfn=(158)
calls=123 83 
* 112820
+3 246
-5 123
+33 246
+23 345
+1 230
-1 460
+39 230
-3 230
+14 345
+3 345
1023 115
859 115
+1 115
+1 984
-81 56
+17 16
+1 8
+54 2

fl=(21) /usr/src/debug/glibc-2.12-2-gc4ccff1/elf/dl-tls.c
fn=(130) _dl_next_tls_modid
53 3
+48 2
+4 1

fn=(144) _dl_determine_tlsoffset
134 1
+11 1
-11 3
+45 8
+5 2
+4 2
-4 3
+2 2
+2 3
+12 2
+4 5
+3 2
-1 2
+10 1
-37 2
+37 1
-37 3
+41 1
-1 1
+52 1
-51 1
+52 4
-52 3
+52 1

fn=(174) _dl_allocate_tls_init
444 7
+1 1
-1 1
+1 1
+4 1
+6 3
+12 4
+5 6
+6 8
+27 3
+8 3
+1 3
+1 6
cfi=(14)
cfn=(58)
calls=1 56 
* 23
* 4
cfi=(28)
cfn=(102)
calls=1 44 
* 27
* 3
-43 3
+6 4
+3 1
+1 2
+7 1
+2 1
-2 2
+2 2
+38 1
+3 9

fn=(68) _dl_count_modids
112 2
+1 3

fn=(172) _dl_add_to_slotinfo
864 6
+6 1
+3 2
+5 3
+42 1
-1 3
+1 2
+1 6

fn=(146) _dl_allocate_tls_storage
350 1
+13 1
-13 2
+2 1
+11 2
cfi=(13)
cfn=(36) __libc_memalign
calls=1 53 
* 50
* 1
+1 1
-1 1
+1 1
+7 1
+4 307
-58 1
+1 1
-1 1
+1 2
cfi=(13)
cfn=(28) calloc
calls=1 111 
* 39
* 1
+1 2
+3 1
+6 2
+64 5

fl=(54)
fn=(262)
30 14
+2 14
+1 14
+1 14
+1 14
+1 14
+1 14
+1 14
+1 14
+1 14
+1 14
cfi=(55) /usr/src/debug/glibc-2.12-2-gc4ccff1/elf/../elf/dl-runtime.c
cfn=(264) _dl_fixup
calls=14 +32 
* 18785
+1 14
+1 14
+1 14
+1 14
+1 14
+1 14
+1 14
+1 14
+1 14
+2 14

fl=(18)
fn=(62) fillin_rpath
387 16
+4 3
cfi=(13)
cfn=(64) strsep
calls=1 -66 
* 286
* 6
cfi=(13)
cfn=(64)
calls=2 -66 
* 244
* 9
+3 4
cfi=(8) /usr/src/debug////////glibc-2.12-2-gc4ccff1/string/../sysdeps/x86_64/rtld-strlen.S
cfn=(14) strlen
calls=2 29 
* 89
+4 2
-4 2
+4 2
+15 4
+29 21
+1 10
-38 8
+5 6
+51 6
+3 8
cfi=(13)
cfn=(32)
calls=2 95 
* 58
* 2
+3 2
-3 2
+3 2
+4 2
+2 6
-2 4
+2 2
cfi=(14)
cfn=(58)
calls=2 56 
* 58
* 2
+3 2
-2 4
+2 2
+1 1
+5 2
+1 1
-1 2
+1 2
-1 2
+1 1
-1 2
+1 26
+1 1
-1 3
+1 1
-1 20
-98 2
+98 3
+1 11
-1 6
+4 2
-1 4
+1 2
+7 4
+1 2
+3 6
+5 1
+3 9
-14 4
-9 3

fn=(88) open_verify
1581 156
+36 13
-36 26
+36 50
+21 65
cfi=(25) /usr/src/debug////////glibc-2.12-2-gc4ccff1/io/../sysdeps/unix/syscall-template.S
cfn=(90) open
calls=13 82 
* 125
+1 13
-1 13
+1 13
+11 9
-1 3
+1 12
cfi=(25)
cfn=(92) read
calls=3 82 
* 15
* 6
+7 9
-7 3
+7 3
+16 37
+2 3
-2 42
+60 6
+5 6
+2 9
+6 6
+7 3
+1 3
+1 3
-2 12
+1 9
+16 12
+15 6
-15 120
+1 44
+4 10
+1 6
+14 14
+2 6
+5 2
+1 2
-13 60
+16 4
+6 2
-3 2
+1 2
+1 2
+1 4
+1 2
-1 4
-3 2
+1 2
+1 8
-2 2
+3 4
+14 117
1673 12
cfi=(34) /usr/src/debug/glibc-2.12-2-gc4ccff1/string/../string/memcmp.c
cfn=(128) bcmp
calls=2 322 
* 178
* 8

fn=(54) _dl_init_paths
633 1
+15 2
-15 8
+15 3
cfi=(5) /usr/src/debug/glibc-2.12-2-gc4ccff1/elf/../elf/dl-sysdep.c
cfn=(56) _dl_important_hwcaps
calls=1 354 
* 328
+4 1
-4 1
+4 1
cfi=(13)
cfn=(32)
calls=1 95 
* 29
* 1
+2 1
-2 2
+2 1
+7 5
+4 4
cfi=(13)
cfn=(32)
calls=1 95 
* 29
* 1
* 1
+3 3
+29 1
-22 2
+22 3
-2 2
-21 1
+1 1
+22 3
-8 1
-4 1
-2 2
+11 1
-6 1
-3 1
+1 1
+3 1
+1 1
+4 1
-5 1
-4 1
-2 2
+11 1
-6 1
-3 1
+1 1
+3 1
+1 1
+4 27
+1 2
-1 6
+1 2
-1 24
+1 4
-1 12
+3 10
+7 1
+4 1
-5 1
+6 2
+4 3
+32 4
+8 3
cfi=(19)
cfn=(60)
calls=1 26 
* 43
* 2
+2 2
cfi=(8)
cfn=(14)
calls=1 29 
* 63
* 8
cfi=(14)
cfn=(38)
calls=1 56 
* 31
* 1
+17 6
+2 1
+1 2
+1 1
-4 3
+2 26
+1 52
+1 26
-4 79
+7 1
cfi=(13)
cfn=(32)
calls=1 95 
* 29
* 1
+2 1
-2 1
+2 1
+6 7
cfn=(62)
calls=1 387 
* 997
+4 3
+6 1
+4 8
-72 1
-2 1
+2 2
+11 2

fn=(114) open_path
1835 16
+1 2
-1 10
+7 2
-7 2
+1 2
+6 4
+5 8
+52 4
-52 2
+52 2
-52 14
+75 6
-63 12
+7 16
cfi=(14)
cfn=(58)
calls=4 56 
* 116
+1 4
-1 4
+1 28
+20 16
-20 78
+3 32
+4 60
cfi=(14)
cfn=(58)
calls=10 56 
* 198
* 40
cfi=(14)
cfn=(58)
calls=10 56 
* 230
* 10
-1 10
+7 20
+3 70
cfn=(88)
calls=10 1581 
* 470
* 10
+2 30
+26 8
+2 6
+39 4
-41 4
+41 20
+7 4
-2 4
+2 20
-67 16
+1 48
+79 8
-80 16
+7 16
+3 8
-3 8
+3 24
cfi=(30) /usr/src/debug/glibc-2.12-2-gc4ccff1/io/../sysdeps/unix/sysv/linux/wordsize-64/xstat.c
cfn=(116) _xstat
calls=8 37 
* 98
-1 16
+1 4
-1 4
+3 12
+7 24
+65 18
-14 6
+10 4
-66 6

fn=(86) expand_dynamic_string_token
317 8
+10 1
-10 1
+10 1
-10 1
+10 1
cfi=(19)
cfn=(60)
calls=1 26 
* 61
* 2
162 2
cfi=(8)
cfn=(14)
calls=1 29 
* 97
* 1
+1 2
cfi=(13)
cfn=(32)
calls=1 -68 
* 29
* 1
+2 2
+3 2
342 3
168 1
342 4
168 1
cfi=(14)
cfn=(38)
calls=1 56 
* 55

fn=(82)
1984 5
+11 5
-11 10
+11 5
-11 5
+11 5
-11 35
+11 5
-11 10
+11 10
+12 28
-12 42
+5 80
+3 48
cfi=(24)
cfn=(84)
calls=16 301 
* 977
* 32
2269 45
2027 3
-1 6
+10 3
-1 6
+26 6
-2 3
+2 3
cfi=(19)
cfn=(60)
calls=3 26 
* 87
* 6
2198 2
+1 4
cfn=(86)
calls=1 317 
* 276
+2 1
-3 1
+3 1
+4 9
cfn=(88)
calls=1 1581 
* 162
+3 1
-3 1
+3 1
+11 9
+3 6
+44 3
+1 21
-1 3
+1 9
cfn=(94) _dl_map_object_from_fd
calls=3 836 
* 4402
* 6
2026 6
+39 4
cfi=(8)
cfn=(14)
calls=2 29 
* 111
* 2
+2 2
-2 2
+2 2
+7 8
+35 6
+1 30
cfn=(114)
calls=2 1835 
* 1934
+6 2
-6 2
+6 2
+76 4
-76 4
610 6
2123 8
+6 4
cfi=(31) /usr/src/debug/glibc-2.12-2-gc4ccff1/elf/dl-cache.c
cfn=(118) _dl_load_cache_lookup
calls=2 186 
* 3431
+2 2
-2 2
+2 2
+4 6
+9 4
+28 18
cfn=(88)
calls=2 1581 
* 678
+3 2
-3 2
+3 2
+1 4
-93 2
-5 4
+5 2
+3 4
-3 2
+3 4
-3 2
+3 20
-3 6
610 6
2084 6
+14 10
+2 6
-2 4
610 6
2008 14
-1 28
+4 6
+2 6
-2 12
+2 18
cfi=(15)
cfn=(46)
calls=6 135 
* 105
* 18

fn=(94)
836 36
+11 3
-11 3
+11 3
-11 3
+11 3
cfi=(20)
cfn=(66)
calls=3 52 
* 27
+4 9
-4 3
+4 3
cfi=(26) /usr/src/debug/glibc-2.12-2-gc4ccff1/io/../sysdeps/unix/sysv/linux/wordsize-64/fxstat.c
cfn=(96) _fxstat
calls=3 37 
* 30
* 6
+11 21
+1 9
-1 27
+1 36
+17 6
+25 6
+10 6
+22 15
+35 21
cfi=(11) /usr/src/debug/glibc-2.12-2-gc4ccff1/elf/dl-object.c
cfn=(24) _dl_new_object
calls=3 62 
* 1403
+1 3
-1 3
+1 3
-54 3
+65 3
-65 3
+65 3
+1 3
+4 3
-4 3
+1 6
+2 12
+1 9
+1 6
+22 3
+8 3
-25 3
+17 3
+8 6
-8 12
+8 6
-8 3
+8 6
-8 3
+8 6
+99 6
-47 3
+47 9
-47 3
+47 9
-98 40
+6 9
+1 12
-8 192
+1 132
+70 3
+4 1
+1 2
+1 3
+4 2
+3 2
+7 2
-3 2
+6 1
cfi=(21)
cfn=(130)
calls=1 53 
* 6
* 3
+1 1
+58 6
+1 6
-5 6
+1 3
1038 30
+6 12
+1 6
-1 24
+7 18
+11 6
+1 6
-1 6
+1 6
-1 12
+1 6
+1 42
+2 18
+1 18
+1 18
+4 6
-4 6
+4 15
+5 27
+11 3
-11 27
+11 3
-56 6
+1 2
+67 4
+78 12
985 3
1191 6
985 3
1191 12
+2 3
-2 3
+2 3
+19 24
cfi=(27)
cfn=(98)
calls=3 82 
* 18
+4 3
-4 3
+4 6
+7 9
+1 3
+2 3
-2 3
+2 3
+10 6
+35 18
+3 6
+7 24
+6 3
+2 3
-2 3
+1 3
+2 6
-1 12
+8 6
+3 6
+11 24
cfi=(28)
cfn=(102)
calls=3 44 
* 167
+1 18
+5 6
+15 6
-73 30
+4 6
-2 6
+2 30
cfi=(27)
cfn=(98)
calls=3 82 
* 18
-2 6
+11 6
+2 3
-2 3
+2 3
+2 3
-2 3
+2 2
+1 1
-1 2
+1 4
-3 2
+5 4
+57 3
-77 3
+77 6
+9 3
fi=(3) /usr/src/debug/glibc-2.12-2-gc4ccff1/elf/dynamic-link.h
113 3
fe=(18)
1345 3
fi=(3)
113 3
+6 3
-2 3
+2 6
+7 3
+5 3
+3 3
+1 3
-3 3
-5 6
-1 84
+1 45
+10 15
-18 45
+18 6
-18 18
+2 138
+8 48
+8 48
-18 144
+25 9
+20 4
+1 4
+1 4
+1 4
+2 4
+5 4
+1 3
+1 3
+35 9
+5 1
+2 1
-2 2
+2 1
+2 2
+2 2
+1 1
+2 9
+2 4
+2 4
+1 1
+2 6
fe=(18)
1351 9
+16 9
+19 6
+2 15
+51 9
+1 2
+3 2
cfi=(25)
cfn=(106) close
calls=1 82 
* 5
* 4
cfi=(25)
cfn=(106)
calls=2 82 
* 10
* 6
+8 6
+3 6
+2 3
-2 3
+2 3
+16 6
cfi=(4)
cfn=(6)
calls=3 873 
* 62
+4 12
+18 6
+4 3
+5 3
-5 3
+1 6
+4 3
+6 9
cfi=(11)
cfn=(40) _dl_add_to_namespace_list
calls=3 33 
* 132
+5 3
-1 6
+20 27
1232 21
cfi=(27)
cfn=(100)
calls=3 82 
* 15
* 3
1495 2
1321 8
cfi=(27)
cfn=(98)
calls=1 82 
* 6
+3 2
fi=(3)
128 24
+3 24
+1 16
+2 8
+1 8
fe=(18)

fl=(15)
fn=(46)
135 652
+1 652
+1 652
+1 339
+1 339
+1 339
+1 339
cfn=(47) strcmp'2
calls=339 -6 
* 13396
+5 313
+1 313
+1 313
+1 313

fn=(47)
135 1870
+1 1870
+1 1870
+1 1684
+1 1684
+1 1684
+1 1684
cfn=(47)
calls=1531 -6 
* 61361
+2 153
+1 153
+2 186
+1 186
+1 186
+1 186

fl=(35) /usr/src/debug/glibc-2.12-2-gc4ccff1/elf/dl-version.c
fn=(138) _dl_check_map_versions
180 45
+15 5
-15 10
+15 10
+2 5
+3 5
-3 5
+2 5
+1 5
+2 5
-3 5
+3 5
+3 9
+4 3
-4 3
+4 6
+10 12
+7 3
62 3
226 6
62 24
+1 10
-1 20
+2 39
cfi=(24)
cfn=(84)
calls=13 301 
* 841
* 26
234 9
+5 12
+20 6
-16 64
cfn=(140) match_symbol
calls=2 82 
* 280
* 24
cfn=(140)
calls=4 82 
* 737
* 30
+11 18
+9 12
69 3
277 10
+3 12
+10 44
-10 88
+6 66
-6 12
+6 9
+8 10
+87 45
-81 4
-1 12
cfi=(13)
cfn=(28)
calls=4 111 
* 181
* 4
+2 4
-2 4
+2 4
+11 4
+2 4
-5 4
+3 8
+2 4
+3 15
+4 9
+18 9
-15 6
+2 9
-2 6
+2 9
+2 36
+1 18
+1 18
+1 18
+3 18
+8 9
+10 8
+3 15
+20 44
-14 22
-2 22
+2 25
-2 3
+2 3
+5 44
+1 22
-1 110
+1 22
+1 22
-1 44
+4 78
269 6

fn=(136) _dl_check_all_versions
387 5
+4 1
-4 1
+4 1
-4 1
+4 3
+1 15
-1 5
+1 5
-1 10
+5 7
-3 20
cfn=(138)
calls=5 180 
* 3513
-1 20

fn=(140)
82 60
+9 6
-8 6
-1 18
+1 6
+8 6
+6 18
+18 12
+5 12
+14 66
+12 81
+4 54
-30 54
+19 36
cfi=(15)
cfn=(46)
calls=6 -4 
* 516
* 18
+34 6
+1 42

fl=(23)
fn=(78)
26 5
+2 5
+1 10
+1 5
+4 5
+1 5
+1 5
+1 5
+1 5
+2 10
+2 5
+1 5
+2 10
+2 5
+4 5
+1 5

fl=(28)
fn=(102)
44 12
+1 12
+1 12
+4 12
+1 12
+1 12
+1 12
+2 12
+1 12
+2 11
+5 11
+1 11
+1 11
+1 11
+1 11
329 1
+1 1
+1 1
+1 1
+1 1
+1 1
+1 1
+1 1
+1 1
+1 1
+1 1
+1 1
-8 1
+1 1
+1 1
+1 1
+1 1
+1 1
+1 1
+1 1
+1 1
-2 1
+1 1
+1 1
-1 2
+1 2
+67 1
+1 1
+1 1
+1 1
+1 1
+1 1
+1 1
+1 1
+1 1
+1 1
+1 1
-3 2
+1 2
+1 2
+1 2
-2 2
+1 2
+1 2
-1 2
+1 2
+87 1
+1 1
+1 1
+1 1
+1 1
+1 1
+1 1
+5 1
+1 1
+1 1
+1 1
+1 1
+36 1
+1 1
+37 1
1214 1
+1 2
+4 1
+1 1
+1 2
+5 1
+2 1
+1 1
+1 1
+1 1
+1 1
+1 1
+1 1
+1 1
+1 1
+1 1
+1 1
+1 1
+1 1
+1 1
+1 1
+1 1
+2 1
+2 1
-21 3
+2 3
+1 3
+1 3
+1 3
+1 3
+1 3
+1 3
+1 3
+1 3
+1 3
+1 3
+1 3
+1 3
+1 3
+1 3
+1 3
+2 3
+2 3
+3 1
+1 1
+6 1
+1 1
+1 1
+1 1
+1 1

fl=(17) /usr/src/debug////////glibc-2.12-2-gc4ccff1/posix/../sysdeps/unix/syscall-template.S
fn=(52) uname
82 4
+1 1

fl=(30)
fn=(116)
37 8
-1 8
+1 8
+1 48
+4 2
-4 24

fl=(16) /usr/src/debug/glibc-2.12-2-gc4ccff1/elf/../sysdeps/unix/sysv/linux/dl-sysdep.c
fn=(50) _dl_discover_osversion
67 4
+2 3
+85 5
-45 3
cfi=(17)
cfn=(52)
calls=1 -27 
* 5
* 3
+12 2
+10 12
+4 3
-2 9
+2 10
+3 4
-3 4
+7 3
-1 3
+2 3
+2 14
+5 2

fl=(5)
fn=(8) _dl_sysdep_start
89 8
+25 1
-1 1
+1 194
+3 1
-3 1
+6 2
-2 1
-1 1
+3 1
-6 1
+6 4
+1 1
-1 7
+1 105
+3 2
-4 49
fi=(16)
-84 2
cfi=(6)
cfn=(10)
calls=1 -7 
* 11
fi=(7) /usr/src/debug/glibc-2.12-2-gc4ccff1/elf/../sysdeps/x86_64/dl-machine.h
226 5
fe=(5)
+3 2
cfi=(9)
cfn=(16)
calls=1 35 
* 17
* 3
+12 3
+3 5
cfi=(2)
cfn=(18) dl_main
calls=1 888 
* 156954
+2 9
-67 1
-59 4
+34 1
-34 4
+43 1
-43 4
+40 1
-40 4
+37 1
-37 5
+13 1
-13 4
+10 1
-10 4
+7 1
-7 4
227 1
cfi=(8)
cfn=(14)
calls=1 29 
* 42
* 2

fn=(56)
354 6
+3 1
-3 2
+3 1
-1 1
+1 1
+9 1
-12 4
+12 1
+10 3
+75 2
+8 2
+2 1
+1 1
-1 2
+1 3
+11 1
-7 2
+1 1
-1 1
+7 1
+4 6
+1 2
+18 11
+1 3
cfi=(13)
cfn=(32)
calls=1 95 
* 29
* 1
+1 1
-1 1
+1 1
+4 2
+22 3
+3 1
-3 3
+3 1
+28 2
-7 1
+7 4
+1 1
-1 1
+1 1
-1 1
+1 1
-1 1
+1 3
-1 3
+1 3
-1 3
+1 3
-1 5
+5 2
-5 3
+5 3
+3 1
-3 1
+3 1
-3 3
+3 1
-3 1
+3 7
+2 16
-2 4
+1 12
-1 2
+1 12
-1 10
+4 4
+3 1
+2 2
-1 1
-1 2
+2 3
+13 11
+1 1
+2 2
-3 3
+1 1
+2 2
+3 3
+3 9
418 1
+3 1
-3 1
+3 8
529 5
cfi=(14)
cfn=(58)
calls=1 56 
* 22
* 1
+1 1
-1 1
+1 2
cfi=(14)
cfn=(58)
calls=1 56 
* 22
* 3

fn=(176) _dl_sysdep_start_cleanup
252 1

fl=(2)
fn=(2) _dl_start
365 9
+18 4
fi=(7)
76 2
fe=(2)
383 1
+29 2
-3 1
fi=(3)
119 1
fe=(2)
412 1
fi=(3)
119 2
+3 1
+4 1
+5 1
+3 1
+1 1
-3 1
-5 2
-5 14
+15 14
-18 42
+18 3
-18 9
+2 44
+5 32
+1 15
+10 5
-18 16
+25 2
fe=(2)
547 1
288 68
+12 2
cfi=(4)
cfn=(6)
calls=1 873 
* 24
+1 1
+1 1
+1 1
-2 1
+3 1
-2 1
+1 1
+1 1
+21 1
+10 1
-10 3
+10 1
-6 1
-4 1
+10 1
cfi=(5)
cfn=(8)
calls=1 89 
* 157477
* 1
+9 1
+7 1
-4 1
+4 1
572 9
fi=(3)
128 12
+3 12
+1 8
+2 4
+1 4
fe=(2)
540 2

fn=(134)
660 2
+3 4
cfi=(35)
cfn=(136)
calls=1 387 
* 3607
-1 2
+4 2

fn=(76)
796 12

fn=(142) init_tls
782 1
-56 1
-4 1
-2 1
+2 1
+4 1
+60 3
-54 1
+3 4
cfi=(13)
cfn=(28)
calls=1 111 
* 39
* 1
+14 1
-14 1
+7 1
+1 1
+6 3
+2 10
+4 1
+2 1
-2 2
-5 1
-1 2
+1 4
-1 8
+13 1
cfi=(21)
cfn=(144)
calls=1 134 
* 55
+7 1
cfi=(21)
cfn=(146)
calls=1 350 
* 424
+1 1
-1 1
+1 1
+6 1
+4 1
-4 1
+4 6
+3 1
+2 1

fn=(18)
888 1
+19 1
-19 5
+22 1
-22 2
+32 1
-32 4
+27 1
-1 1
+6 1
+3 1
-16 1
+3 1
+4 1
+1 1
+8 1
cfn=(20) process_envvars
calls=1 2532 
* 638
+7 3
1109 5
+9 1
-9 2
cfi=(11)
cfn=(24)
calls=1 62 
* 250
+4 1
-4 1
+3 1
+6 2
-5 1
+1 2
+4 1
cfi=(11)
cfn=(40)
calls=1 33 
* 31
* 1
+30 1
-3 1
+3 1
-8 1
+1 1
+2 1
+5 5
+1 24
-1 24
+1 39
+91 2
+1 1
-88 3
+1 1
+49 2
+1 2
-1 8
+2 4
+1 2
+3 2
+1 2
-1 2
+1 2
+1 2
+1 6
+1 2
-43 1
-3 2
+3 1
+7 2
-10 1
+10 1
+68 2
-87 3
+1 1
+92 3
+3 2
+2 2
+2 3
+13 3
+1 6
cfi=(15)
cfn=(46)
calls=1 135 
* 7
-1 2
+12 2
-4 1
-2 1
+3 1
+3 1
+6 2
fi=(3)
104 1
+9 2
+6 1
-2 1
+2 2
+7 1
+5 1
+3 1
+1 1
-3 1
-5 2
-1 12
+1 9
+10 3
-18 9
+2 40
+8 17
+8 17
-18 51
+25 3
+67 3
+14 3
+7 2
fe=(2)
1294 2
cfi=(4)
cfn=(6)
calls=1 873 
* 14
+3 2
+20 4
+92 1
cfi=(16)
cfn=(50)
calls=1 67 
* 92
* 8
+5 2
cfi=(18)
cfn=(54)
calls=1 633 
* 1960
+3 3
cfi=(20)
cfn=(66)
calls=1 52 
* 23
+7 1
-7 1
+2 1
+5 1
+4 1
+3 1
-2 1
+3 1
-2 1
-2 2
+9 1
-9 1
+1 1
+8 1
+5 1
+4 1
-3 2
+3 1
+4 1
-5 1
+5 2
+1 2
+1 1
-1 2
+1 3
+2 2
+1 2
+5 2
+5 4
1642 1
cfi=(21)
cfn=(68)
calls=1 112 
* 5
* 1
+8 3
+3 2
+4 3
+5 2
+1 1
cfi=(20)
cfn=(70)
calls=1 77 
* 1
+1 1
+4 3
+19 4
+31 3
cfi=(25)
cfn=(108) access
calls=1 82 
* 11
* 2
+77 5
+17 1
+1 2
-1 1
+1 2
-1 1
+1 3
cfi=(29)
cfn=(110)
calls=1 149 
* 13146
+1 1
+2 5
+3 1
-3 2
+3 1
-3 1
+3 1
-3 1
+3 1
+1 5
-1 2
+1 16
-1 9
+4 3
+1 3
+1 1
+2 2
+1 22
-1 9
+1 2
+13 1
-1 2
+1 1
+2 4
+5 1
-5 1
+4 2
+12 1
+3 1
+1 1
-1 1
+1 3
+11 2
+2 3
-2 2
+1 4
+1 1
cfi=(22)
cfn=(132)
calls=1 198 
* 3647
+10 1
+1 1
-1 1
+1 1
+3 2
851 1
fi=(36) /usr/src/debug/glibc-2.12-2-gc4ccff1/elf/../sysdeps/unix/sysv/linux/dl-osinfo.h
70 2
+48 2
fe=(2)
853 1
+6 2
fi=(36)
127 2
+11 2
fe=(2)
864 1
+2 1
+6 1
1895 2
2121 3
+56 2
+4 4
+4 2
+48 2
+7 1
-7 1
+7 1
+3 21
+3 3
+6 2
+2 2
-2 8
+2 8
+7 5
-2 5
+2 10
+1 28
cfi=(37) /usr/src/debug/glibc-2.12-2-gc4ccff1/elf/dl-reloc.c
cfn=(150) _dl_relocate_object
calls=4 158 
* 122021
+4 12
+1 2
cfi=(21)
cfn=(172)
calls=1 864 
* 24
+2 5
+2 10
+1 1
+2 7
+6 1
-6 1
+6 1
+9 4
+2 1
+5 2
cfi=(21)
cfn=(174)
calls=1 444 
* 130
+4 2
+11 4
+29 1
cfi=(5)
cfn=(176)
calls=1 252 
* 1
+4 3
+20 3
cfi=(20)
cfn=(66)
calls=1 52 
* 9
+1 1
-1 1
+2 1
cfi=(20)
cfn=(70)
calls=1 77 
* 1
+1 1
+4 1
cfi=(31)
cfn=(178) _dl_unload_cache
calls=1 316 
* 15
+5 8
-50 1
+2 1
+1 1
-3 1
+3 3
-3 1
+3 1
cfi=(37)
cfn=(150)
calls=1 158 
* 9716
+1 1
+2 10
1438 4
-11 4
1799 9
+4 3
+1 1
+1 3
2256 1
+1 1
-3 2
1694 79
cfi=(14)
cfn=(38)
calls=1 56 
* 69
* 1
+3 4
+3 3
cfi=(13)
cfn=(64)
calls=1 325 
* 1285
* 3
cfi=(13)
cfn=(64)
calls=1 325 
* 4
* 6
+1 4
+3 4
cfn=(72) do_preload
calls=1 802 
* 2259
* 2
+2 1
+2 12
1888 1
cfn=(142)
calls=1 782 
* 585
* 2

fn=(20)
2532 1
+8 2
-8 4
+23 1
-23 4
+8 1
-8 1
+8 2
-7 1
+6 2
fi=(108) /usr/src/debug/glibc-2.12-2-gc4ccff1/elf/../sysdeps/unix/sysv/linux/dl-librecon.h
32 1
fe=(2)
2539 1
-6 1
fi=(108)
32 2
fe=(2)
2542 2
cfi=(10)
cfn=(22)
calls=1 31 
* 112
* 4
cfi=(10)
cfn=(22)
calls=2 31 
* 298
* 9
+4 6
-4 2
+4 38
+1 19
-1 57
+9 12
2704 1
-4 1
+4 1
-4 1
+4 1
+30 2
+21 8
2629 17
-53 5
+7 12
+2 2
+1 1
+45 2
+1 1

fn=(42) rtld_lock_default_lock_recursive
836 6
+1 6

fn=(44) rtld_lock_default_unlock_recursive
842 6
+1 6

fn=(72)
802 6
+6 1
+1 1
+5 5
-10 1
+6 1
+2 1
+2 1
cfi=(22)
cfn=(74)
calls=1 160 
* 2232
+1 2
+2 3
+12 5

fn=(80)
628 2
+2 7
cfi=(18)
cfn=(82)
calls=1 1984 
* 2163
* 1
+2 2

fl=(31)
fn=(122) _dl_cache_libcmp
170 69
-29 46
+2 69
+20 69
+2 46
+4 23
+1 46
cfn=(123) _dl_cache_libcmp'2
calls=23 * 
* 1699

fn=(123)
170 303
-29 210
+2 303
+2 12
+6 8
+1 4
-1 4
+2 4
-1 8
+1 12
+2 16
+2 8
+6 291
+2 194
+4 78
+1 156
cfn=(123)
calls=78 * 
* 3874
+3 8
+1 4
-8 76

fn=(178)
316 1
+1 4
+2 2
cfi=(27)
cfn=(180)
calls=1 82 
* 5
+1 1
+2 2

fn=(118)
186 18
+8 4
+3 6
+45 4
+6 6
+16 6
+12 2
-20 2
+8 2
+12 2
-12 2
+12 4
-20 2
+20 6
-20 2
+20 365
cfn=(122)
calls=19 170 
* 1585
* 104
-76 4
cfi=(24)
cfn=(120) _dl_sysdep_read_whole_file
calls=1 44 
* 68
+8 2
+1 1
-1 2
+1 3
-1 13
+8 1
-3 1
+3 3
+3 1
+1 2
-1 1
+1 1
+2 2
-2 22
+56 56
cfn=(122)
calls=2 170 
* 162
* 12
cfn=(122)
calls=2 170 
* 320
* 78
+16 8
+4 4
+8 4
cfi=(8)
cfn=(14)
calls=2 29 
* 124
* 2
+1 2
-1 8
+1 4
cfi=(32) /usr/src/debug////////glibc-2.12-2-gc4ccff1/string/../sysdeps/x86_64/strcpy.S
cfn=(124) strcpy
calls=2 32 
* 162
+1 4
cfi=(33) /usr/src/debug/glibc-2.12-2-gc4ccff1/string/strdup.c
cfn=(126) strdup
calls=2 41 
* 216
+1 16

fl=(13)
fn=(36)
53 108
+1 107
+11 78
+3 26
-3 26
+3 52
-3 3
+3 1
-3 1
+3 98
+4 12
+1 9
+6 21
cfi=(27)
cfn=(98)
calls=3 +3 
* 18
+2 6
+3 6
+1 6
-1 3
+1 6
+3 3
+1 3
+2 12
-3 24
+1 24
+2 96
-31 2
-1 5

fn=(64)
325 5
+1 10
+4 27
+5 6
-5 273
+5 368
+2 744
+8 93
-15 281
+18 2
+4 4
-13 2
+2 2
+7 1
+4 1

fn=(32)
95 26
+1 52
cfn=(36)
calls=26 -43 
* 706
* 26

fn=(28)
111 10
-3 10
+3 20
-3 10
+3 20
+4 20
cfn=(32)
calls=10 -20 
* 346
* 10

fl=(32)
fn=(124)
32 2
+1 2
+1 2
+2 2
+2 2
+1 2
+3 2
+1 2
+1 2
+1 2
-3 4
+1 4
+1 4
+1 4
+1 6
+1 6
+1 6
+1 6
+3 2
+8 2
+1 2
+1 2
+1 2
+3 2
+1 2
+1 2
+1 2
+3 2
+2 2
+1 2
+3 2
+1 2
+1 2
+1 2
+3 2
+1 2
+1 2
+1 2
+3 2
+48 7
+1 7
+1 7
+1 5
+1 5
+1 5
+1 5
+1 5
+1 5
+1 5
+6 2
+2 2

fl=(37)
fn=(150)
158 30
+10 10
-10 15
+14 5
-14 10
+14 5
+1 25
+6 10
+6 15
+4 10
+8 15
+45 5
fi=(7)
96 10
fe=(37)
242 10
fi=(7)
96 5
+39 6
fe=(37)
268 127
fi=(38) /usr/src/debug/glibc-2.12-2-gc4ccff1/elf/do-rel.h
57 3
+1 3
+1 3
fe=(37)
268 3
156 3
fi=(38)
-91 3
fe=(37)
+91 3
fi=(7)
295 3
fe=(37)
-27 3
fi=(7)
+27 3
fi=(38)
65 3
fe=(37)
268 2
fi=(38)
57 2
+1 2
+1 2
fe=(37)
268 2
156 2
fi=(38)
-91 2
fe=(37)
+91 2
fi=(7)
295 2
fe=(37)
-27 2
fi=(7)
+27 2
fi=(38)
65 2
+3 13
fi=(7)
476 3
-1 6
+4 6
-3 33
-1 66
+4 66
+2 108
+1 25
fi=(38)
68 108
fe=(37)
268 35
fi=(38)
59 5
fe=(37)
268 30
fi=(38)
65 5
fe=(37)
268 5
fi=(38)
57 5
+1 5
+7 5
+10 5
+2 5
-2 10
+1 5
+1 42
+14 4
-12 4
+12 9
-12 1
+12 2
+10 14
+10 12
+4 4
+2 4
-2 4
+2 4
fi=(7)
296 12
fi=(38)
119 8
+1 4
+2 8
-2 4
-1 4
fi=(7)
267 4
fi=(38)
119 4
fi=(7)
270 4
fi=(38)
119 4
+1 12
fi=(7)
270 4
fi=(38)
119 232
+1 116
+2 232
-2 116
-1 116
fi=(7)
267 116
fi=(38)
119 116
fi=(7)
270 116
fi=(38)
119 116
+1 348
fi=(7)
270 116
+18 240
+7 2562
fi=(38)
120 182
fi=(7)
295 273
fi=(38)
120 91
fi=(7)
295 403
fi=(38)
120 26
fi=(7)
295 39
fi=(38)
120 13
fi=(7)
295 1300
cfi=(4)
cfn=(156)
calls=104 724 
* 113929
* 416
+1 360
+4 116
-4 232
+4 116
-1 232
+10 240
fe=(37)
-38 15
+32 5
+3 10
+13 10
+1 6
cfn=(170) _dl_protect_relro
calls=3 +8 
* 72
* 3
+1 40
fi=(7)
135 6
-39 6
+6 6
+4 9
+13 3
-8 3
+8 6
+13 3
+3 3
-3 3
+3 9
fe=(37)
+50 15
+83 18
fi=(38)
117 10
fi=(7)
309 480
+85 104
fi=(38)
117 208
fi=(7)
394 104
fi=(38)
117 107
fi=(7)
377 30
+4 30
+5 20
fi=(38)
117 10
fi=(7)
386 20
fi=(38)
117 20
fi=(7)
327 2
+1 1
fi=(38)
117 1
fi=(7)
328 1
fi=(38)
117 2
fi=(7)
448 4
fi=(38)
117 2
fi=(7)
448 2
cob=(3)
cfi=(40) /usr/src/debug////////glibc-2.12-2-gc4ccff1/string/../sysdeps/x86_64/multiarch/strcmp.S
cfn=(168) strncasecmp
calls=1 124 
* 6
cob=(3)
cfi=(40)
cfn=(164) strcasecmp
calls=1 106 
* 64
+1 2
fi=(38)
117 4
fi=(7)
430 9
+4 15
cfi=(14)
cfn=(38)
calls=3 56 
* 54
+2 15
295 26
fi=(38)
104 5
fi=(7)
467 3
fi=(38)
104 2
fi=(7)
467 1
fi=(38)
104 1
+7 3
+16 5
+1 2
+1 2
-1 1
fi=(7)
267 1
fi=(38)
128 1
fi=(7)
270 1
fi=(38)
128 3
fi=(7)
270 1
fi=(38)
128 8
+1 8
-1 4
fi=(7)
267 4
fi=(38)
128 4
fi=(7)
270 4
fi=(38)
128 12
fi=(7)
270 4
+18 10
+7 195
cfi=(4)
cfn=(156)
calls=5 724 
* 5961
* 20
+1 15
+4 1
-4 2
+4 1
-1 2
+10 30
108 2
+1 3
394 15
fi=(38)
127 16
fi=(7)
484 55
295 115
fe=(37)

fn=(170)
328 3
-2 6
+1 6
+1 9
+2 6
+2 6
+1 9
cfi=(27)
cfn=(100)
calls=3 82 
* 15
-1 6
+7 6

fl=(104) /usr/src/debug/glibc-2.12-2-gc4ccff1/elf/dl-fini.c
fn=(596) _dl_sort_fini
34 9
+2 1
-2 3
+2 1
+5 1
+1 1
-1 2
+1 1
+1 1
-1 5
+1 3
cfi=(28)
cfn=(102)
calls=1 +1 
* 19
+15 4
+24 4
+38 4
+3 24
cfi=(28)
cfn=(102)
calls=3 -79 
* 52
* 6
-80 3
+4 3
+1 3
-1 3
+1 3
+4 9
-5 1
+1 1
-1 1
+1 1
+4 11
+6 4
+1 11
+2 12
+1 6
-1 12
+1 9
+3 18
-1 27
+31 18
+21 6
-57 12
+61 12
+3 1
+4 8

fn=(594) _dl_fini
133 11
+22 9
+3 2
cfi=(2)
cfn=(42)
calls=1 836 
* 2
+3 1
+3 2
+2 5
-2 2
+13 5
+16 4
+2 10
+4 10
+1 5
+5 5
-4 5
-2 5
-6 16
+19 4
cfn=(596)
calls=1 34 
* 336
+9 2
cfi=(2)
cfn=(44)
calls=1 842 
* 2
+4 6
+2 2
+2 3
-2 8
+2 12
+3 10
+3 15
+4 2
+7 8
+4 4
+2 3
+1 4
+1 4
cob=(3)
cfi=(49) /usr/src/debug/glibc-2.12-2-gc4ccff1/elf/soinit.c
cfn=(664) __libc_fini
calls=1 19 
* 6
-1 4
+5 12
+1 9
cob=(2)
cfi=(12)
cfn=(644)
calls=1 0 
* 1500
cob=(2)
cfi=(12)
cfn=(614)
calls=1 0 
* 1237
cob=(2)
cfi=(12)
cfn=(598)
calls=1 0 
* 31
+5 25
-39 5
+55 5
-55 15
-70 2
+70 1
-70 1
285 6
+6 2
+7 8
-63 8
+4 6
-60 2
+3 8

fl=(33)
fn=(126)
41 8
+1 2
cfi=(8)
cfn=(14)
calls=2 -13 
* 68
* 2
+1 4
cfi=(13)
cfn=(32)
calls=2 +52 
* 58
* 2
+2 4
+3 4
+1 4
-1 2
+1 2
-1 2
cfi=(14)
cfn=(38)
calls=2 +8 
* 54

fl=(25)
fn=(106)
82 16
+1 4

fn=(90)
82 56
+1 14
+1 60

fn=(108)
82 4
+1 1
+1 6

fn=(92)
82 12
+1 3

fl=(34)
fn=(128)
322 2
+7 2
-7 10
+7 2
+34 4
+6 4
+1 4
-3 4
+2 56
+1 28
-3 14
-4 34
+13 14

fl=(1) ???
fn=(0) 0x0000003bed600b00
0 2
cfi=(2)
cfn=(2)
calls=1 365 
0 157872
0 14
cfi=(42) /usr/src/debug/glibc-2.12-2-gc4ccff1/elf/dl-init.c
cfn=(184) _dl_init
calls=1 93 
0 2383
0 3
cob=(6)
cfi=(53)
cfn=(254) 0x0000000000400ce0
calls=1 0 
0 212012183375

fl=(26)
fn=(96)
37 4
-1 4
+1 4
+1 24
+4 4

fl=(42)
fn=(184)
93 11
+5 1
-4 1
+1 1
+3 2
+7 2
+27 2
+1 12
+1 5
-1 5
+1 10
-97 15
+9 4
-3 8
+3 12
+5 9
+5 4
+8 4
+6 12
cob=(2)
cfi=(12)
cfn=(232)
calls=1 -70 
* 29
cob=(3)
cfi=(44) /usr/src/debug/glibc-2.12-2-gc4ccff1/csu/../sysdeps/unix/sysv/linux/init-first.c
cfn=(210) _init
calls=1 -18 
* 2145
+4 2
+1 4
+65 8
-89 2
-5 4
-9 3
+9 1
-3 2
+3 3
+5 3
+5 2
+8 2
+6 7
cob=(2)
cfi=(12)
cfn=(186)
calls=1 -70 
* 40
* 1
+4 1
+1 2
+26 2

fl=(8)
fn=(14)
29 18
+1 18
+1 18
+1 18
+2 10
+1 10
+2 10
+1 10
-1 21
+1 21
+1 30
+1 30
+1 30
+2 34
+5 17
+1 17
+1 17
+1 17
+3 17
-6 6
+1 6
+1 6
+1 6
+3 6
+1 17
+1 17
+1 17
+2 17
+3 15
+1 15
+1 15
+1 15
+3 15
+1 14
+1 14
+1 14
+2 14
+3 11
+1 11
+1 11
+1 11
+3 11
+1 7
+1 7
+1 7
+2 7
+3 7
+1 7
+1 7
+1 7
+3 7
+1 7
+1 7
+1 7
+2 8
+3 1
+2 1
+1 1
-3 16
+2 16
+1 16
+1 13
+2 13
+1 13
+1 12
+2 12
+1 12
+1 10
+2 10
+1 10
+1 5
+2 5
+2 5
+1 5
+1 4
+2 4
+1 4
+1 4
+2 4
+1 4
+1 2
+2 2
+1 2
-1 16
+1 16

fl=(19)
fn=(60)
26 9
+1 9
+1 9
+1 9
+1 9
+1 9
+1 9
+1 9
+1 9
+1 9
+1 9
+1 9
+1 9
+1 9
+1 9
+1 9
+1 9
+1 9
+1 9
+1 9
+1 9
+2 11
+1 11
+1 11
+1 11
+1 11
+1 11
+1 11
+1 11
+1 11
+2 9
+1 9
+1 1
+1 1
+1 1
+1 1
+1 8
+1 9

fl=(55)
fn=(264)
73 14
+6 28
-6 14
+6 14
-6 42
+6 14
+1 14
-4 14
+5 14
-2 14
-3 14
+4 14
+1 14
-1 56
+10 28
+4 42
+5 78
+1 39
+8 56
+7 28
+3 140
cfi=(4)
cfn=(156)
calls=14 724 
* 17672
* 14
+4 42
+4 56
+6 98
+8 14
+7 56
+4 42
fi=(7)
+85 14
fe=(55)
-81 84
-55 2

fl=(11)
fn=(24)
62 36
+2 4
-2 16
+2 4
cfi=(8)
cfn=(14)
calls=4 -35 
* 218
+6 4
-6 4
+7 8
+6 16
cfi=(13)
cfn=(28)
calls=4 +34 
* 187
* 4
+3 4
-3 4
+3 8
+4 4
+5 4
-6 4
+4 4
+2 4
-5 4
+3 4
+2 8
cfi=(14)
cfn=(38)
calls=4 -33 
* 119
+2 4
-2 4
+5 4
-1 4
-2 4
+3 16
+3 4
-3 4
+3 4
+9 4
-7 4
+4 4
+3 4
-46 5
+48 2
-2 2
+2 30
-2 30
+18 8
-6 4
+6 4
-5 4
+5 4
-6 4
+6 16
+2 12
+3 9
+4 9
+4 18
+8 1
+6 1
-3 2
+3 5
-3 6
+3 6
+2 6
cfi=(8)
cfn=(14)
calls=3 29 
* 165
* 3
+4 3
-4 3
+4 3
+64 3
+7 36
70 8
+1 32
+66 4
-39 8
223 6
-86 1
-4 1
+4 2
+24 6
cfi=(13)
cfn=(32)
calls=3 -66 
* 87
* 3
+1 3
-1 3
+1 9
+45 9
cfi=(14)
cfn=(58)
calls=3 56 
* 107
* 3
+6 100
-1 50
+1 53
-1 3
+1 3
+2 6
+3 6

fn=(40)
33 16
+2 4
-2 4
+2 4
cfi=(2)
cfn=(42)
calls=4 836 
* 8
+2 27
+3 36
+2 3
+2 3
+4 3
+4 3
-4 6
+1 6
+3 3
-2 3
+3 9
-1 3
cfi=(2)
cfn=(44)
calls=3 842 
* 6
-4 1
+4 1
-4 2
+1 2
+3 1
-2 1
+3 3
-1 1
cfi=(2)
cfn=(44)
calls=1 842 
* 2
-5 2

fl=(24)
fn=(84)
301 485
+1 194
cfi=(15)
cfn=(46)
calls=97 135 
* 686
* 194
+3 97
+2 194
+4 98
-4 196
+1 309
cfi=(15)
cfn=(46)
calls=103 135 
* 1753
* 206
+6 5
-7 5
+7 107
-7 92
+7 276

fn=(120)
44 2
+3 1
-3 4
+3 1
-3 1
+3 1
cfi=(25)
cfn=(90)
calls=1 +35 
* 5
+1 1
-1 1
+1 2
+2 4
cfi=(26)
cfn=(96)
calls=1 -13 
* 10
* 2
+2 1
+3 1
-3 1
+3 1
+13 2
cfi=(25)
cfn=(106)
calls=1 +14 
* 5
+3 7
-14 7
cfi=(27)
cfn=(98)
calls=1 +25 
* 6
* 2

ob=(3)
fl=(44)
fn=(210)
52 6
+6 1
-6 2
+6 2
+17 1
fi=(46) /usr/src/debug/glibc-2.12-2-gc4ccff1/csu/../sysdeps/unix/sysv/linux/x86_64/init-first.c
-40 2
fe=(44)
+38 1
+1 1
fi=(46)
-41 2
fe=(44)
+42 1
fi=(46)
-42 3
+2 1
cfi=(45) /usr/src/debug/glibc-2.12-2-gc4ccff1/elf/../sysdeps/unix/sysv/linux/dl-vdso.c
cfn=(212) _dl_vdso_vsym
calls=1 -8 
* 8
+8 1
-5 2
+5 1
-5 1
+2 2
+1 1
+2 1
cfi=(45)
cfn=(212)
calls=1 -16 
* 8
fe=(44)
+46 3
fi=(46)
-45 2
+1 1
fe=(44)
+44 1
cfi=(47) /usr/src/debug/glibc-2.12-2-gc4ccff1/misc/init-misc.c
cfn=(216) __init_misc
calls=1 -58 
* 68
+8 1
cfi=(49)
cfn=(220) __libc_global_ctors
calls=1 -78 
* 2009
+2 6
-32 1
-9 1
+9 4

fl=(47)
fn=(216)
31 3
+1 1
-1 1
+1 4
+2 3
cfi=(48) /usr/src/debug////////glibc-2.12-2-gc4ccff1/string/../sysdeps/x86_64/strrchr.S
cfn=(218) __GI_strrchr
calls=1 -8 
* 44
+1 2
+3 3
+1 3
+2 4

fl=(64) /usr/src/debug/glibc-2.12-2-gc4ccff1/malloc/hooks.c
fn=(320) malloc_hook_ini
36 1
-1 2
+1 1
+1 1
cfi=(65) /usr/src/debug/glibc-2.12-2-gc4ccff1/malloc/arena.c
cfn=(322) ptmalloc_init
calls=1 470 
* 59929
+1 1
+1 1
-1 1
cfi=(63) /usr/src/debug/glibc-2.12-2-gc4ccff1/malloc/malloc.c
cfn=(319) malloc'2
calls=1 3646 
* 1098

fn=(552) realloc_hook_ini
48 3
+1 1
-1 2
+1 1
+1 2
+1 1
cfi=(65)
cfn=(322)
calls=1 470 
* 16
+1 2
+1 3
-1 1
cfi=(63)
cfn=(551) realloc'2
calls=1 3745 
* 7943

fl=(68) /usr/src/debug/glibc-2.12-2-gc4ccff1/nptl/../nptl/sysdeps/unix/sysv/linux/register-atfork.c
fn=(328) __linkin_atfork
117 1
+2 4
-1 3
+2 1

fl=(94) /usr/src/debug/glibc-2.12-2-gc4ccff1/stdio-common/vfprintf.c
fn=(476) vfprintf
201 1235622440
+35 123562244
-35 123562244
+35 247124488
1283 370686732
+4 617811220
+11 247124488
+11 123562244
fi=(97) /usr/src/debug/glibc-2.12-2-gc4ccff1/stdio-common/printf-parse.h
109 247124488
fe=(94)
1309 617811220
fi=(97)
109 123562244
cfi=(95) /usr/src/debug////////glibc-2.12-2-gc4ccff1/string/../sysdeps/x86_64/strchrnul.S
cfn=(478) strchrnul
calls=123562244 -82 
* 2841931612
fe=(94)
1324 123562244
fi=(97)
109 123562244
fe=(94)
1324 247124488
+4 494248976
2047 123562244
1328 494248976
cfi=(74) /usr/src/debug/glibc-2.12-2-gc4ccff1/libio/genops.c
cfn=(480) _IO_default_xsputn
calls=123562244 452 
* 2224120392
* 370686732
2065 247124488
cfi=(63)
cfn=(442) free
calls=123562244 3694 
* 864935708
* 123562244
+1 247124488
cfi=(63)
cfn=(442)
calls=123562244 3694 
* 864935708
* 123562244
+2 247124488
+1 370686732
1283 247124488
2072 988497952
1328 370686732
+4 123562244
-4 123562244
+4 494248976
2020 123562244
1876 123562244
1332 741373464
2017 247124488
+3 123562244
+64 123562244
1332 123562244
2017 123562244
1332 370686732
1876 123562244
2084 123562244
-67 247124488
1378 2224120392
2020 123562244
1378 1853433660
2020 123562244
1378 123562244
1660 247124488
+8 123562244
fi=(97)
109 370686732
cfi=(95)
cfn=(478)
calls=123562244 -82 
* 2841931612
* 123562244
fe=(94)
1672 1112060196
cfi=(74)
cfn=(480)
calls=123562244 452 
* 2224120392
* 1359184684
+2 247124488
-34 5807425468
cfi=(74)
cfn=(480)
calls=123562244 452 
* 6590079556
* 1976995904
2063 247124488
1640 1235622440
cfi=(96) /usr/src/debug/glibc-2.12-2-gc4ccff1/stdio-common/_itoa.c
cfn=(482) _itoa_word
calls=123562244 176 
* 3542304080
* 1853433660
1890 247124488
1640 3583305076

fl=(75) /usr/src/debug/glibc-2.12-2-gc4ccff1/libio/fileops.c
fn=(424) _IO_file_close_it@@GLIBC_2.2.5
162 1
+2 1
-2 2
+2 1
-2 1
+2 1
+3 5
+6 2
cfi=(74)
cfn=(426) _IO_unsave_markers
calls=1 1118 
* 5
+2 3
cfn=(428) _IO_file_close
calls=1 1252 
* 7
* 1
+4 3
+9 5
cfi=(74)
cfn=(400) _IO_setb
calls=1 404 
* 34
+1 2
+3 1
-3 1
+1 3
+2 1
cfi=(74)
cfn=(422) _IO_un_link
calls=1 64 
* 10
+5 1
-4 1
+1 1
+1 1
+2 1
+1 5

fn=(428)
1252 2
cfi=(77) /usr/src/debug////////glibc-2.12-2-gc4ccff1/io/../sysdeps/unix/syscall-template.S
cfn=(430) __close_nocancel
calls=1 82 
* 5

fn=(394) _IO_file_stat
1225 2
+2 6
cfi=(82) /usr/src/debug/glibc-2.12-2-gc4ccff1/io/../sysdeps/unix/sysv/linux/wordsize-64/fxstat.c
cfn=(396) _fxstat
calls=2 37 
* 20

fn=(574) _IO_file_write@@GLIBC_2.2.5
1261 7
+2 7
-2 42
+2 7
-2 7
+2 14
+11 7
-11 14
+2 14
+3 28
cfi=(77)
cfn=(576) write
calls=7 82 
* 49
+1 14
+9 21
+3 42
-6 21

fn=(360) _IO_file_init@@GLIBC_2.2.5
147 3
+5 1
-1 1
-4 1
+4 1
+3 1
cfi=(74)
cfn=(362) _IO_link_in
calls=1 -50 
* 77
+1 1
+1 4

fn=(388) _IO_file_underflow@@GLIBC_2.2.5
537 8
+8 6
+6 6
+3 4
+13 4
+20 4
cfi=(74)
cfn=(402) _IO_switch_to_get_mode
calls=2 188 
* 40
+6 2
+5 8
-5 4
+1 2
+1 6
+3 2
cfn=(404) _IO_file_read
calls=2 1200 
* 26
+2 4
+10 2
-3 2
+3 4
+2 4
+1 8
-56 3
+5 2
cfi=(74)
cfn=(390) _IO_doallocbuf
calls=1 419 
* 90
* 2

fn=(568) _IO_file_overflow@@GLIBC_2.2.5
829 905
+1 181
-1 181
+1 362
+7 1082
+35 362
+3 362
+3 181
+1 181
-1 362
+1 724
+5 181
+1 905
-45 2
+12 3
+9 2
+4 1
+4 1
-1 1
-5 1
+1 1
+4 1
-3 1
+1 1
+3 1
-3 2
+3 3
+1 3
+9 21
+3 7
-1 21
cfn=(572) _IO_do_write@@GLIBC_2.2.5
calls=7 493 
* 637
* 14
-39 2
cfi=(74)
cfn=(390)
calls=1 419 
* 101
+1 6

fn=(670) _IO_file_setbuf@@GLIBC_2.2.5
445 2
+1 1
cfi=(74)
cfn=(672) _IO_default_setbuf
calls=1 562 
* 63
* 2
+4 1
-1 3
+2 3
+3 3

fn=(674) _IO_file_sync@@GLIBC_2.2.5
891 1
+5 1
-5 1
+5 3
+2 1
+1 2
+17 2
+4 2

fn=(364) _IO_file_fopen@@GLIBC_2.2.5
257 9
+11 2
415 7
270 3
+25 1
-10 1
+10 1
-10 1
+10 16
-25 4
+65 1
227 2
+4 3
cfi=(77)
cfn=(368) open
calls=1 82 
* 7
* 1
+4 2
+3 1
-1 1
+1 2
+1 2
-1 1
+1 1
+7 2
cfi=(74)
cfn=(362)
calls=1 104 
* 11
+97 3
cfi=(78) /usr/src/debug/glibc-2.12-2-gc4ccff1/string/../string/strstr.c
cfn=(372) __GI_strstr
calls=1 53 
* 27
* 1
+1 3
fi=(76) /usr/src/debug/glibc-2.12-2-gc4ccff1/libio/../iconv/gconv_charset.h
39 1
fe=(75)
288 2
+13 2

fn=(404)
1200 2
+1 4
+2 2
+1 2
-1 2
cfi=(77)
cfn=(406) read
calls=2 82 
* 14

fn=(572)
493 42
+1 7
-1 14
+1 14
+2 42
+11 21
+7 28
+8 35
cfn=(574)
calls=7 1261 
* 294
+1 7
-1 7
+1 14
+5 7
-2 7
+2 7
-2 21
+1 14
+1 7
-34 7
+34 7
-34 7
+29 14
+5 14

fn=(436) _IO_file_finish@@GLIBC_2.2.5
205 1
+1 1
-1 1
+1 1
+6 2
+1 1
-1 1
cfi=(74)
cfn=(438) _IO_default_finish
calls=1 687 
* 24

fl=(45)
fn=(212)
27 2
+1 4
+4 4
+14 2
+4 4

fl=(91) /usr/src/debug/glibc-2.12-2-gc4ccff1/stdio-common/sprintf.c
fn=(470) sprintf
29 1359184684
+4 864935708
+1 123562244
cfi=(92) /usr/src/debug/glibc-2.12-2-gc4ccff1/libio/iovsprintf.c
cfn=(472) vsprintf
calls=123562244 -1 
* 73519814808
+4 247124488

fl=(56) /usr/src/debug/glibc-2.12-2-gc4ccff1/csu/libc-start.c
fn=(268) (below main)
96 7
+10 1
-10 3
+10 3
+52 1
-52 1
+52 1
+1 4
cfi=(57) /usr/src/debug/glibc-2.12-2-gc4ccff1/stdlib/cxa_atexit.c
cfn=(270) __cxa_atexit
calls=1 57 
* 60
+22 4
+3 2
+1 5
cob=(6)
cfi=(53)
cfn=(274) __libc_csu_init
calls=1 0 
* 64
+4 4
+15 2
+9 2
cfi=(58) /usr/src/debug////////glibc-2.12-2-gc4ccff1/setjmp/../sysdeps/x86_64/bsd-_setjmp.S
cfn=(300) _setjmp
calls=1 34 
* 29
+1 2
+5 2
+1 2
+3 2
+3 5
cob=(6)
cfi=(61) /h/kliu04/perf/um.c
cfn=(306) main
calls=1 30 
* 212012177721
+32 2
cfi=(103) /usr/src/debug/glibc-2.12-2-gc4ccff1/stdlib/exit.c
cfn=(592) exit
calls=1 99 
* 3729
106 2

fl=(66) /usr/src/debug/glibc-2.12-2-gc4ccff1/misc/../sysdeps/unix/sysv/linux/getpagesize.c
fn=(324) getpagesize
35 5
+16 1

fl=(82)
fn=(396)
37 2
-1 2
+1 2
+1 12
+4 2

fl=(60) /usr/src/debug/glibc-2.12-2-gc4ccff1/setjmp/sigjmp.c
fn=(304) __sigjmp_save
30 1
-1 2
+1 2
+5 1
-5 1
+5 2

fl=(96)
fn=(482)
176 494248976
+10 247124488
+9 2553806128
+9 247124488

fl=(50) /usr/src/debug/glibc-2.12-2-gc4ccff1/string/../sysdeps/x86_64/cacheinfo.c
fn=(224) handle_intel
307 4
+9 2
-9 16
+8 2
+1 4
+8 4
+5 2
-5 4
+5 2
+7 10
cfn=(226) intel_check_word
calls=2 163 
* 1564
+1 4
+3 10
cfn=(226)
calls=2 163 
* 194
+1 4
-10 2
+1 2
-1 4
+27 16

fn=(226)
163 44
+1 8
+8 4
-2 32
+14 20
+53 16
+36 40
-1 8
+1 8
cfi=(51) /usr/src/debug/glibc-2.12-2-gc4ccff1/stdlib/bsearch.c
cfn=(228) bsearch
calls=8 27 
* 1350
+2 16
+22 8
172 16
+2 10
+2 20
-4 2
302 32
196 10
+5 15
-5 2
+11 10
+23 3
-34 15
+5 6
+4 8
+2 10
+8 2
+2 4
+2 28
-12 3
-6 1
-5 1
+9 2
+2 4

fn=(222) init_cacheinfo
538 4
+13 3
+7 2
747 5
560 3
cfn=(224)
calls=1 307 
* 900
+4 2
-4 1
+4 1
cfn=(224)
calls=1 307 
* 950
+2 1
-2 1
+2 2
+29 1
-18 1
+18 3
+7 6
+6 2
-6 12
+6 6
+3 20
+2 1
+6 6
+7 1
-7 1
+38 2
+75 2
+3 2
+1 1
+1 1
-1 2
+4 2
+3 2
+1 1
+1 1
-1 3
-86 7
-1 3
-31 8
+2 2
+2 8
+2 4
+5 1
+2 2
+1 1
-1 1
+1 4
+1 1

fn=(230) intel_02_known_compare
152 216
+3 108
+1 54

fl=(65)
fn=(322)
470 12
+8 6
634 14
479 1
-66 1
+2 1
+1 1
+1 1
+1 1
cfi=(66)
cfn=(324)
calls=1 35 
* 6
522 1
418 1
+96 1
-93 1
+1 1
+91 1
+1 1
+8 1
+8 2
+1 1
-3 1
+3 1
-1 1
+1 10
cfi=(68)
cfn=(328)
calls=1 117 
* 9
+11 2
+2 5
+16 2
385 124
+16 62
-18 189
625 2
+5 2
+1 2
+2 2
524 5
cfi=(67) /usr/src/debug/glibc-2.12-2-gc4ccff1/elf/dl-addr.c
cfn=(326) _dl_addr
calls=1 127 
* 59448
-2 2
+2 1
-2 2
385 18

fl=(77)
fn=(406)
82 4
cfn=(408) __read_nocancel
calls=2 * 
* 10

fn=(578) __write_nocancel
82 35

fn=(368)
82 2
cfn=(370) __open_nocancel
calls=1 * 
* 5

fn=(408)
82 10

fn=(430)
82 5

fn=(576)
82 14
cfn=(578)
calls=7 * 
* 35

fn=(370)
82 5

fl=(99) /usr/src/debug////////glibc-2.12-2-gc4ccff1/string/../sysdeps/x86_64/memcpy.S
fn=(492) memcpy
56 21052
+2 21052
+2 21052
+3 21051
+1 21051
+2 11959
+1 11959
+2 11959
+1 11959
+5 11959
+1 11959
-1 9092
+1 9092
+2 990
+1 990
+2 990
+1 1980
+5 990
+1 990
-1 20061
+1 20061
+2 20049
+1 20049
+2 20049
+1 20049
+5 20049
+1 20049
-1 1002
+1 1002
+2 2
+1 2
+2 2
+1 2
+5 2
+1 2
-1 21049
+1 21049
+23 21051
+8 3
+6 3
+2 3
+1 3
+26 3
+1 3
+3 1
+1 1
+1 1
+5 8
+2 8
+1 8
+1 8
+1 8
+2 8
+1 8
+1 8
+1 8
+2 8
+1 8
+2 8
+2 8
+2 8
+1 8
+1 8
+1 8
+2 8
+1 8
+1 8
+1 8
+2 8
+1 8
+2 9
+5 1
+6 1
+1 1
+19 2
+1 2
+1 2
+5 2
+1 2
+4 2
+1 2
+2 2307
+1 2
+6 2
+1 2
+1 2
+3 1
+6 1
+1 1
+2 1
+13 1
+1 1
+1 1
+3 1
+1 1
+1 1
+1 1
+2 1
+2 1
+2 1
+2 1
+3 1
+1 1
+69 384
+2 384
+1 384
+1 384
+1 384
+1 384
+1 384
+1 384
+1 384
+2 384
+1 384
+2 384
+1 384
+1 384
+1 384
+1 384
+1 384
+1 384
+1 384
+2 384
+1 384
+2 384
+2 384
+2 384
+1 384
+1 384
+1 384
+1 384
+1 384
+1 384
+1 384
+2 384
+1 384
+2 384
+1 384
+1 384
+1 384
+1 384
+1 384
+1 384
+1 384
+2 384
+1 384
+2 384
+3 1
+2 1
+2 1
+2 1
+6 1
+1 1
+1 1
+2 1
+6 1
+1 1

fl=(80) /usr/src/debug/glibc-2.12-2-gc4ccff1/libio/getc.c
fn=(382) getc
37 120440
+3 120440
-3 120440
+3 1686160
+1 722634
fi=(84) /usr/src/debug/glibc-2.12-2-gc4ccff1/libio/libioP.h
968 240880
+1 1324840
fe=(80)
44 361320
-3 4
cfi=(74)
cfn=(384) __uflow
calls=2 368 
* 318
* 4

fl=(58)
fn=(300)
34 1
+2 1
cfi=(59) /usr/src/debug////////glibc-2.12-2-gc4ccff1/setjmp/../sysdeps/x86_64/setjmp.S
cfn=(302) __sigsetjmp
calls=1 -10 
* 27

fl=(106) /usr/src/debug/glibc-2.12-2-gc4ccff1/nptl/../nptl/sysdeps/unix/sysv/linux/unregister-atfork.c
fn=(630) __unregister_atfork
37 2
-8 6
+11 4
+1 8
+5 2
-6 4
+82 4

fl=(95)
fn=(478)
27 247124488
+1 247124488
+1 247124488
+1 247124488
+1 247124488
+1 247124488
+1 247124488
+1 247124488
+1 247124488
+1 247124488
+1 247124488
+1 247124488
+1 247124488
+1 247124488
+1 247124488
+1 247124488
+1 247124488
+1 247124488
+1 247124488
+1 247124488
+12 247124488
+1 247124488
+1 247124488

fl=(81) /usr/src/debug/glibc-2.12-2-gc4ccff1/libio/filedoalloc.c
fn=(392) _IO_file_doallocate
88 8
+15 12
cfi=(75)
cfn=(394)
calls=2 1225 
* 28
* 4
+2 8
+11 3
+1 6
+3 12
cfi=(83) /usr/src/debug////////glibc-2.12-2-gc4ccff1/misc/../sysdeps/unix/syscall-template.S
cfn=(398) mmap
calls=2 -38 
* 12
* 6
+1 8
cfi=(74)
cfn=(400)
calls=2 404 
* 34
* 2
+2 8
-13 1
fi=(109) /usr/src/debug/glibc-2.12-2-gc4ccff1/libio/../sysdeps/unix/sysv/linux/sys/sysmacros.h
-65 6
fe=(81)
+65 1
-2 2
+8 1
-3 1
+3 2

fl=(71) /usr/src/debug/glibc-2.12-2-gc4ccff1/misc/../sysdeps/unix/sysv/linux/x86_64/brk.c
fn=(340) brk
29 21
+3 126
+2 63
+7 42

fl=(59)
fn=(302)
26 1
+2 1
+1 2
+1 1
+4 1
+1 1
+1 1
+1 1
+1 1
+2 2
+2 1
+1 1
+2 2
+2 1
+9 1
cfi=(60)
cfn=(304)
calls=1 -26 
* 9

fl=(49)
fn=(220)
19 1
+7 1
-7 5
+1 1
cfi=(50)
cfn=(222)
calls=1 538 
* 1996
-1 3
+10 2

fn=(664)
19 1
+17 1
-17 2
+20 2

fl=(63)
fn=(332) malloc_consolidate
5140 256
+22 64
+1 93
+2 31
+17 31
+2 62
+3 62
+4 62
-4 558
+4 828
+25 973
-1 973
+1 8811
+4 51956
+4 51956
-3 51956
+1 51956
+2 51956
+1 784
+1 784
+3 784
+1 784
+1 784
-2 784
+3 784
-3 784
+12 784
-3 784
+3 784
-12 51172
+1 51172
+1 51172
-2 51172
+3 51172
-3 51172
+12 51172
-3 51172
+3 51178
-3 6
+3 6
-41 51962
-3 51962
+3 103924
+1 51962
+1 103924
+2 103924
+1 24786
+2 24786
-1 24786
+2 250119
+3 103924
+3 103912
+4 101966
+26 1178
-7 6
+1 6
-1 18
2491 3
+5 3
+5 1
+2 1
-2 1
+2 1
5250 256
2492 1
5136 2
2492 3
-2 2
+2 378
-2 253
+10 3

fn=(446) sYSTRIm
3488 2
+12 1
-12 5
+9 1
-1 1
+1 2
+3 5
+2 2
+34 1
+6 7

fn=(334) sYSMALLOc
2993 189
+21 42
+13 87
+15 4
+7 2
+2 7
cfi=(83)
cfn=(398)
calls=1 82 
* 6
+2 2
+27 3
+5 5
+1 1
+2 1
+1 1
-1 1
+1 1
+1 1
+9 1
3471 168
3111 20
+25 20
-24 20
-1 20
+1 20
+24 40
3449 60
+1 20
+8 100
+4 40
-2 20
+2 40
-1 20
+1 40
+1 20
-1 20
+1 20
-1 40
+1 20
+2 40
3106 40
+92 20
+8 20
+11 40
-19 120
+19 40
+8 20
-8 20
+8 20
+28 2
-27 120
cfi=(69) /usr/src/debug/glibc-2.12-2-gc4ccff1/malloc/morecore.c
cfn=(336) __default_morecore
calls=20 48 
* 935
+2 20
-2 20
+2 80
+2 40
+1 40
3470 40
3276 40
+2 40
3113 20
3284 20
-6 20
+6 58
+1 95
+2 4
3392 1
-1 1
+1 3
+1 1
+11 2
3287 2
+42 5
+19 1
+7 2
-4 2
+1 2
+3 1
-3 2
+3 2
cfi=(69)
cfn=(336)
calls=1 48 
* 27
+12 4
+5 2
+1 2
+97 2
3277 2

fn=(330) _int_malloc
4281 791291241
+30 703369992
+4 175842498
+14 175842498
+1 263763660
+1 87921220
+2 87921220
+4 175842440
-6 87838646
+9 175677292
-9 87838646
+9 263515938
+1 87838646
-1 87838646
+1 175677292
+5 439193230
2577 87847562
4493 87847562
2577 175695124
4790 87847583
+4 703369992
4373 165206
+1 82598
+1 82598
-1 82598
+1 82598
-1 82598
+1 165196
+2 247794
+1 3172
+3 1586
+1 3172
+6 1586
+1 1586
+2 1586
-4 1586
+4 3172
+22 40
+1 15
+1 16
cfn=(332)
calls=4 5140 
* 605249
* 8
4768 4
-2 4
+2 8
-2 4
+2 12
-2 4
+2 40
4457 4
4768 20
4434 4
4768 12
4442 4
4768 4
4457 8
4768 8
4434 4
4768 81013
-2 81013
+2 162026
-2 81013
+2 243039
-2 81013
+2 810130
4457 81013
4768 405065
4434 81013
4768 243039
4442 81013
4768 81013
4457 162026
4768 162026
4434 81013
4768 54
4434 27
+67 11991
+1 11991
+1 59955
-1 11991
+1 11991
-1 11991
+1 23982
+45 11991
+4 11991
-3 11991
-1 11991
+7 11991
-5 11991
+1 11991
+1 11991
+3 11991
-7 5
+4 5
-3 5
-1 5
+7 5
-5 5
+1 5
+1 5
+3 5
4434 279120
+3 21318
-2 21318
+1 85272
+8 21318
+10 68198
+34 19326
-5 19326
+1 19326
+4 19326
+12 23992
+6 60
+1 4
+1 4
+3 8
-5 15
+1 1
+1 1
+3 2
+34 20
-89 10967
-2 43846
+6 1992
+1 3984
+4 1992
-3 5976
+1 1992
+1 3984
+1 1992
+2 1796
+1 1796
+3 1796
+3 1796
+4 1796
-7 10776
+2 3592
-2 1796
+2 1796
+4 1796
+1 3592
cfn=(342) alloc_perturb
calls=1796 2577 
* 7184
-7 196
+3 196
+4 196
-7 1176
+2 392
-2 196
+2 196
+4 196
+1 392
cfn=(342)
calls=196 2577 
* 784
* 1992
+1 1992
+27 7
+58 215166
+70 71722
+4 71722
-4 71722
+2 71722
-1 71722
+3 71722
-2 71722
+2 71722
-1 71722
-2 71722
+3 71722
-1 71722
-2 143444
+8 350233
+2 735783
+2 735780
+2 52
+5 13
-5 26
+5 26
+1 13
+1 13
-2 26
+1 9707
+1 9707
-2 41208
+7 10910
+3 21820
+1 504
+1 504
+1 504
-2 1512
+59 504
+18 61316
+1 122632
+2 122632
+17 96
+1 135
cfn=(332)
calls=27 5140 
* 80513
+5 27
-3 108
+3 27
-3 27
4490 7330
-1 7330
+1 14660
+75 20
+3 15
4413 3
4671 10406
+8 31218
-8 10406
+5 20812
+3 83293
+3 20812
+13 8964
+1 17928
-6 8964
+17 8964
-6 8964
+1 8964
+2 8964
-1 8964
+4 8964
+1 8964
+1 17928
+2 5
+1 5
+2 5
+3 5
-3 30
+2 10
-2 5
+2 10
-2 8959
+3 8959
-3 53754
+2 17918
-2 8959
+2 17918
4413 22
-76 175677292
4684 1442
-1 1442
+1 2884
+36 10406
+1 31218
cfn=(342)
calls=10406 2577 
* 41624
* 10406
+1 10406
+66 84
cfn=(334)
calls=21 2993 
* 3162
* 21
+1 84
+1 63
cfn=(342)
calls=21 2577 
* 84
* 21
-41 122536
-2 61268
+2 122536
-1 61268
+1 122536
+2 61268
-2 61268
+2 61268
-2 61268
+5 61268
-5 61268
+2 61268
+4 183804
cfn=(342)
calls=61268 2577 
* 245072
* 61268
+1 61268

fn=(444) _int_free
4806 791074269
+15 87897141
-15 87897141
+15 175794282
+6 527382846
+17 175794282
+13 175794282
+11 87897114
+1 87897114
-1 175794228
+1 87897114
-1 175794228
2584 263691342
4899 263691342
+1 175794228
+1 87897114
+4 87897114
-4 87897114
+10 615279798
+9 351588456
+2 87897114
+2 527382684
+2 175794228
5119 703176936
4955 54
+2 108
+19 81
+6 27
-10 27
+10 27
+8 81
+7 54
-1 27
+1 54
2584 81
5007 54
+1 5
+2 5
-1 5
+2 50
+3 54
+5 52
+1 10
+1 1
+10 1
+1 1
+1 2
-2 25
+1 25
+1 50
+7 26
-2 26
+1 26
+1 26
+2 4
+1 4
+2 4
+3 4
-2 4
+2 4
+1 4
-1 4
+31 8
-34 22
+3 22
-2 22
+2 22
+1 22
-1 22
+31 46
+1 6
+3 9
4966 192
+57 50
+77 81
+2 96
+17 192
-34 15
+2 3
cfn=(446)
calls=1 3488 
* 27
* 1
-27 1
+2 1
-1 4
+20 2
cfn=(332)
calls=1 +59 
* 1160065
* 1
-97 27
-2 27
+2 54
-2 54

fn=(550) realloc
3745 81
+7 18
+1 18
+4 16
+4 16
+5 8
-2 8
+2 8
+2 8
-2 8
+2 16
+3 21
+6 48
+8 64
+3 16
3595 1
+1 1
-1 1
+16 1
-3 4
+3 2
3794 1
+62 72
-88 2
+47 42
+8 35
cfn=(554) _int_realloc
calls=7 5259 
* 950435
* 7
+2 28
+4 28
3614 9
cfi=(83)
cfn=(580) mremap
calls=1 82 
* 6
+3 4
+2 1
+5 1
+3 1
-3 4
+3 1
+1 1
-1 1
+1 1
+1 2
3754 1
3856 7
3754 1
cfi=(64)
cfn=(552)
calls=1 48 
* 7975

fn=(551)
3745 9
+7 2
+1 2
+4 2
+4 2
+5 1
-2 1
+2 1
+2 1
-2 1
+2 2
+3 3
+6 6
+8 8
+3 2
+68 9
-41 6
+8 5
cfn=(554)
calls=1 5259 
* 7871
* 1
+2 4
+4 4

fn=(318) malloc
3646 439606225
+5 175842490
+1 175842490
+3 615448708
+2 263763732
cfn=(330)
calls=87921244 4281 
* 5195612373
+1 87921244
-1 87921244
+1 263763732
+18 175842488
+1 351684976
+5 527527464
-27 527527464
-2 1
+29 4
-29 1
cfi=(64)
cfn=(320)
calls=1 36 
* 61035

fn=(319)
3646 5
+5 2
+1 2
+3 7
+2 3
cfn=(330)
calls=1 4281 
* 1056
+1 1
-1 1
+1 3
+18 2
+1 4
+5 6
-27 6

fn=(458) calloc
4040 1
-13 1
+13 1
-3 1
+3 1
-13 6
+10 1
+3 2
+8 2
+1 2
+15 12
+7 1
+8 1
-7 2
+7 2
+14 3
cfn=(330)
calls=1 4281 
* 162
+5 1
-5 1
+5 1
+76 9
-58 2
+1 4
+3 2
+7 1
-4 1
+4 2
+11 1
-3 1
+3 4
+10 1
+1 2
+3 2
+7 1
-3 1
+1 1
+1 1
+1 1
-21 3

fn=(554)
5259 64
+22 8
-22 8
+21 8
+1 8
-1 8
+1 8
-1 16
+21 8
+1 8
+1 16
-1 8
+1 16
+7 8
+83 8
-83 8
+8 16
+11 6
5496 56
5318 5
+2 5
-2 10
+21 12
cfn=(330)
calls=3 4281 
* 938053
* 3
+1 12
+3 3
+1 3
+5 6
+11 3
+1 3
+2 6
+3 6
+22 12
cfn=(444)
calls=3 4806 
* 275
+5 6
-72 20
+2 5
-2 10
+2 5
-2 15
+1 10
+1 5
+2 10
+42 6
cfi=(99)
cfn=(492)
calls=3 56 
* 19508
* 3

fn=(342)
2577 294748

fn=(442)
3694 670043254
+1 670043254
+5 670043254
+6 87897139
-3 87897139
+3 175794278
+15 263691414
+2 175794276
cfn=(444)
calls=87897138 4806 
* 6066063427
-14 7
+4 2
+1 1
-1 1
+1 2
3562 3
+1 1
+6 6
+10 1
-3 1
+1 1
+2 1
cfi=(83)
cfn=(432) munmap
calls=1 82 
* 5
* 247124488

fl=(74)
fn=(566) __overflow
246 543
+1 1
+1 3
cfi=(75)
cfn=(568)
calls=1 829 
* 162
* 540
cfi=(75)
cfn=(568)
calls=180 829 
* 6640

fn=(400)
404 494248992
+1 123562248
-1 123562248
+1 247124500
+4 123562248
-2 123562248
+1 123562248
+1 123562248
+3 123562246
+1 494248984
-3 2
+3 8
-7 7
cfi=(83)
cfn=(432)
calls=1 82 
* 5
* 3

fn=(426)
1118 2
+19 2
+1 1

fn=(666) _IO_cleanup
1007 1
+3 1
-3 4
+3 1
cfn=(668) _IO_flush_all_lockp
calls=1 823 
* 77
-59 1
+59 1
-59 2
+11 2
-9 12
+1 2
-1 7
+9 13
+7 5
+10 5
cfi=(75)
cfn=(670)
calls=1 445 
* 78
+2 2
+6 3
-36 9
+71 7
-51 1
+4 1
-4 1
+2 1
+2 1
-2 1
+3 1
-2 1
+2 3
+6 12

fn=(422)
64 12
+1 6
+4 6
+1 11
+1 1
+1 15
+2 3
+2 2
+14 1
+2 8
+2 1
-1 1
+1 9
+1 2
+3 12
-6 6
-14 1
+2 1
-2 2

fn=(390)
419 2
+1 2
-1 2
+1 2
+6 4
-4 4
+1 6
cfi=(81)
cfn=(392)
calls=2 88 
* 165
* 4

fn=(668)
823 2
+6 1
-6 6
+6 2
+6 1
-1 1
+2 2
-2 1
+2 3
+33 2
+4 9
-37 8
+6 2
-4 2
+4 5
-4 1
+4 2
+14 3
-2 3
+2 3
+7 6
-21 12

fn=(672)
562 5
+1 1
-1 2
+1 1
cfi=(75)
cfn=(674)
calls=1 891 
* 13
* 2
+2 2
+2 1
+1 5
cfn=(400)
calls=1 404 
* 19
+7 3
+1 3
+2 6

fn=(362)
104 8
+1 6
+4 1
-2 2
+2 5
+1 11
+1 1
+1 15
+4 1
+2 1
-4 1
+1 1
-1 1
+4 7
+2 1
-1 1
+1 9
+1 2
+3 8
-6 6

fn=(384)
368 2
+2 2
-2 2
+2 5
+6 6
+3 8
+2 6
+6 4
+5 4
+2 4
+1 2
-1 4
cfn=(386) _IO_default_uflow
calls=2 +46 
* 267
-24 2

fn=(386)
440 2
-1 4
+1 2
cfi=(75)
cfn=(388)
calls=2 +97 
* 243
+1 4
+2 8
+1 4

fn=(438)
687 2
+2 3
+6 3
+3 3
+6 1
+6 1
-6 1
cfn=(422)
calls=1 64 
* 10

fn=(356) _IO_no_init
648 1112060205
+1 123562245
cfn=(358) _IO_old_init
calls=123562245 -13 
* 2594807148
+3 123562245
-2 123562245
+2 123562245
+2 1
+1 1
+1 1
+1 1
+1 1
+1 1
+1 1
+1 1
+1 1
+1 1
+1 1
+1 1
+2 1
+3 1
+1 6
-1 123562244
+1 741373464

fn=(358)
636 123562245
-21 123562245
+1 123562245
-1 123562245
+2 123562245
+1 123562245
+1 123562245
+17 123562245
-16 123562245
+1 123562245
+1 123562245
+1 123562245
+1 123562245
+1 123562245
+2 123562245
+1 123562245
+1 123562245
+1 123562245
+1 123562245
+5 123562245
+1 123562248

fn=(402)
188 4
-1 4
+1 2
+3 6
+5 2
-1 4
+1 2
+7 2
-4 2
+2 6
+2 2
+2 4

fn=(480)
452 370686732
+3 741373464
-3 1112060196
+1 370686732
-1 1112060196
+1 370686732
+2 494248976
+5 494248976
+2 370686732
+3 247124488
+10 247124488
+4 494248976
+2 123562244
+2 123562244
+2 247124488
+4 247124488
+1 2224120392
-42 370686732
+32 494248976
-1 247124488
+1 274644904
-1 260884696

fl=(41) /usr/src/debug/glibc-2.12-2-gc4ccff1/csu/../sysdeps/x86_64/multiarch/init-arch.c
fn=(166) __init_cpu_features
53 1
-8 1
+8 1
+3 1
-3 1
+3 3
+70 1
+1 1
+2 1
+1 2
-74 2
+9 1
-33 3
+6 1
-6 1
+6 1
-6 1
+7 1
+30 1
-30 1
-7 1
+37 1
-31 1
+27 2
-26 1
+30 1
+1 1
-38 1
+32 1
+6 1
+5 2
+3 1
+1 2
+11 2
+12 4
-23 9

fl=(105)
fn=(628)
31 4
+18 2
-18 2
+18 2
-18 10
+4 8
+4 12
-4 6
+32 8
+4 12
-4 6
+12 4
+3 2
-2 2
+2 12
-2 2
cfi=(106)
cfn=(630)
calls=2 -43 
* 30

fl=(48)
fn=(218)
26 1
+1 1
+1 1
+1 1
+1 1
+1 1
+1 1
+1 1
+1 1
+1 1
+1 1
+1 1
+1 1
+1 1
+1 1
+1 1
+1 1
+1 1
+1 1
+1 1
+1 1
+1 1
+1 1
+2 1
+1 1
+1 1
+1 1
+1 1
+1 1
+1 1
+1 1
+1 1
+1 1
+2 1
+1 1
+1 1
+1 1
+7 1
+1 1
+1 1
+1 1
+1 1
+1 1
+1 1

fl=(40)
fn=(168)
124 1
+1 1
+3 1
+1 1
+1 1
+5 1

fn=(164)
106 1
+1 1
+1 1
cfi=(41)
cfn=(166)
calls=1 -55 
* 57
+2 1
+1 1
+1 1
+5 1

fl=(92)
fn=(472)
33 741373464
+7 247124488
-7 247124488
+7 370686732
-2 123562244
+2 123562244
cfi=(74)
cfn=(356)
calls=123562244 648 
* 5066052004
+1 123562244
+1 494248976
-1 123562244
+1 123562244
cfi=(93) /usr/src/debug/glibc-2.12-2-gc4ccff1/libio/strops.c
cfn=(474) _IO_str_init_static_internal
calls=123562244 -2 
* 6425236688
+1 494248976
cfi=(94)
cfn=(476)
calls=123562244 201 
* 57333160844
* 123562244
+1 494248976
+2 864935708

fl=(57)
fn=(272) __new_exitfn
73 1
+6 1
-6 1
+6 5
+2 5
+2 3
-2 1
+10 1
-10 3
+45 1
+1 1
+3 4
+3 3
-35 2
+14 1
+1 2

fn=(270)
57 2
-22 1
+22 5
-22 1
cfn=(272)
calls=1 +38 
* 35
+2 3
+4 2
+3 1
-1 1
+2 1
+2 2
+12 6

fl=(83)
fn=(398)
82 15
+1 3

fn=(580)
82 5
+1 1

fn=(432)
82 8
+1 2

fl=(102) /usr/src/debug/glibc-2.12-2-gc4ccff1/libio/putc.c
fn=(564) putc
29 181
+3 181
-3 362
+3 2534
+1 543
fi=(84)
968 362
+1 1991
fe=(102)
36 543
-3 543
cfi=(74)
cfn=(566)
calls=181 246 
* 7889
* 362

fl=(70) /usr/src/debug/glibc-2.12-2-gc4ccff1/misc/sbrk.c
fn=(338) sbrk
35 105
+8 144
+4 42
+4 80
+3 20
cfi=(71)
cfn=(340)
calls=20 -25 
* 240
-3 40
+7 126
-14 2
cfi=(71)
cfn=(340)
calls=1 -15 
* 12
* 4

fl=(62) /usr/src/debug/glibc-2.12-2-gc4ccff1/io/../sysdeps/unix/sysv/linux/wordsize-64/xstat.c
fn=(312) _xstat
37 1
-1 1
+1 1
+1 6
+4 1

fl=(69)
fn=(336)
48 21
+1 21
cfi=(70)
cfn=(338)
calls=21 -14 
* 815
+1 63
+3 42

fl=(86) /usr/src/debug/glibc-2.12-2-gc4ccff1/libio/iofclose.c
fn=(420) fclose@@GLIBC_2.2.5
43 3
+14 1
-14 1
+14 2
+3 16
+1 2
fi=(84)
968 2
+1 6
fe=(86)
66 4
cfi=(75)
cfn=(436)
calls=1 205 
* 32
+1 3
+18 6
+2 1
+1 2
cfi=(63)
cfn=(442)
calls=1 3694 
* 143
* 1
+4 5
-10 2
-20 2
cfi=(75)
cfn=(424)
calls=1 162 
* 100
* 3
-4 1
cfi=(74)
cfn=(422)
calls=1 +6 
* 80
* 2
fi=(84)
969 6
fe=(86)

fl=(103)
fn=(592)
99 5
-57 3
+36 3
-32 1
+32 1
-32 1
+32 3
-32 1
+32 1
-32 1
+3 2
+1 5
+33 1
+1 1
-1 1
+1 1
+7 6
cfi=(74)
cfn=(666)
calls=1 1007 
* 256
* 3
+2 2
cfi=(107) /usr/src/debug/glibc-2.12-2-gc4ccff1/posix/../sysdeps/unix/sysv/linux/_exit.c
cfn=(676) _Exit
calls=1 -64 
* 5
-19 1
+4 1
-4 2
+4 1
-2 2
+2 1
cob=(1)
cfi=(104)
cfn=(594)
calls=1 +55 
* 3417
* 1

fl=(67)
fn=(326)
127 9
+5 1
-5 2
+5 2
cob=(1)
cfi=(2)
cfn=(42)
calls=1 836 
* 2
+3 5
+1 4
+1 16
31 2
+1 2
+3 3
+5 1
+6 1
-6 1
+1 3
+2 3
+3 1
+5 3
+74 1
-74 1
+74 4
-72 1
+19 1
-18 2
-1 1010
+19 1010
-18 2020
+2 3600
+14 1257
+2 3771
-10 2514
+1 1257
-1 4314
+1 900
-1 1800
+2 4314
-2 4314
+3 6462
-3 5538
+3 615
-3 1278
+3 16
-3 32
+3 599
-3 3355
+10 5325
-21 4042
+85 9
-36 2
+1 2
+1 2
+3 2
+41 2
cob=(1)
cfi=(2)
cfn=(44)
calls=1 842 
* 2
+3 9
-32 1
+1 3

fl=(51)
fn=(228)
27 104
+7 162
+2 54
+2 54
-2 54
+1 216
+1 108
cfi=(50)
cfn=(230)
calls=54 152 
* 378
+1 108
+2 8
+1 8
-8 24
+14 72

fl=(93)
fn=(474)
40 741373464
+4 123562244
-4 247124488
+4 123562244
+6 617811220
cfi=(74)
cfn=(400)
calls=123562244 404 
* 2100558148
+5 123562244
-3 123562244
+1 123562244
+1 123562244
+1 123562244
+2 123562244
+1 123562244
+1 123562244
+9 123562244
+1 741373464
-23 617811220

fl=(73) /usr/src/debug/glibc-2.12-2-gc4ccff1/libio/../libio/iofopen.c
fn=(352) __fopen_internal
68 7
+8 1
-8 1
+8 1
cfi=(63)
cfn=(318)
calls=1 3646 
* 190
* 1
+2 1
-2 1
+2 1
+3 1
+3 5
-3 1
+3 1
cfi=(74)
cfn=(356)
calls=1 648 
* 57
+4 1
+1 1
-1 1
+1 1
cfi=(75)
cfn=(360)
calls=1 +58 
* 90
+4 5
cfi=(75)
cfn=(364)
calls=1 257 
* 121
* 2
+2 1
+5 5
-5 1
cfn=(376) __fopen_maybe_mmap
calls=1 -50 
* 4

fn=(350) fopen@@GLIBC_2.2.5
107 2
cfn=(352)
calls=1 -39 
* 502

fn=(376)
45 1
-2 1
+2 1
+15 1

fl=(107)
fn=(676)
29 2
+4 1
+2 2

fl=(78)
fn=(372)
53 9
+10 3
+2 2
fi=(79) /usr/src/debug/glibc-2.12-2-gc4ccff1/string/../string/str-two-way.h
273 1
fe=(78)
89 9
-26 3

ob=(6)
fl=(61)
fn=(582) free_res
84 4
+3 1
-3 1
+1 2
+1 1
cfi=(90) /usr/sup/src/cii40/src/table.c
cfn=(584) Table_length
calls=1 -4 
* 10
+1 1
-1 1
+1 2
+1 2
cfi=(72) /h/kliu04/perf/mem_manager.c
cfn=(464) get_atom
calls=1 +29 
* 846
* 9578
cfi=(72)
cfn=(464)
calls=4789 +29 
* 4826133
* 14370
cfi=(90)
cfn=(498) Table_get
calls=4790 -40 
* 1101654
+1 9580
+1 3464
cob=(3)
cfi=(63)
cfn=(442)
calls=1732 3694 
* 1306182
* 1732
-3 14370
+6 2
cfi=(90)
cfn=(586) Table_free
calls=1 +40 
* 541015
+2 1
+1 1
-1 1
+1 1
cfi=(88) /usr/sup/src/cii40/src/seq.c
cfn=(588) Seq_free
calls=1 -51 
* 201
+2 4
cfi=(87) /usr/sup/src/cii40/src/mem.c
cfn=(508) Mem_free
calls=1 -62 
* 98
+1 5

fn=(306)
30 4
+1 2
+45 5
-40 1
fi=(110) /usr/include/sys/stat.h
457 4
cob=(3)
cfi=(62)
cfn=(312)
calls=1 37 
* 10
cob=(1)
cfi=(54)
cfn=(262)
calls=1 30 
* 1384
* 5
fe=(61)
42 4
+3 1
-3 1
+3 2
cob=(3)
cfi=(63)
cfn=(318)
calls=1 3646 
* 61050
cob=(1)
cfi=(54)
cfn=(262)
calls=1 -15 
* 1417
* 5
+1 3
-1 1
+1 1
cfi=(72)
cfn=(344) mem_load_program
calls=1 -14 
* 12922463
+4 4
cfi=(87)
cfn=(448) Mem_alloc
calls=1 -42 
* 222
+2 1
-2 1
+2 2
+2 1
-2 9
+4 1
-3 1
+2 1
+1 1
cfi=(88)
cfn=(450) Seq_new
calls=1 -30 
* 1917
+2 3
-2 1
+1 1
+1 1
cfi=(90)
cfn=(462) Table_new
calls=1 -30 
* 6378
+3 1
-3 1
+3 1
cfi=(72)
cfn=(464)
calls=1 +56 
* 3735
* 4
cfi=(90)
cfn=(494) Table_put
calls=1 -2 
* 308
+4 3
+1 2
cfi=(72)
cfn=(464)
calls=1 +51 
* 711
* 170141042
cfi=(72)
cfn=(464)
calls=85070521 +51 
* 71756007354
* 255211566
cfi=(90)
cfn=(498)
calls=85070522 -18 
* 52732723149
+2 85070522
+1 255211566
cfi=(100) /h/kliu04/perf/program_executor.c
cfn=(502) decode_instruction
calls=85070522 -41 
* 86481772015
+1 85070522
-5 170141044
+8 2
cfn=(582)
calls=1 +11 
* 7829263
+2 2

fl=(85) /g/40/2015f/www/solutions/bitpack.c
fn=(414) Bitpack_fitsu
65 120440
+1 120440
-1 120440
-29 240880
+32 240880
+1 120440

fn=(412) Bitpack_newu
93 1083960
+1 120440
+1 240880
+1 361320
cfn=(414)
calls=120440 -31 
* 963520
* 240880
-64 240880
-10 120440
+11 120440
+3 361320
-12 240880
+75 240880
-79 240880
+14 120440
-13 120440
+3 180660
+12 270990
+65 90330
-1 180660
+1 180660
-1 90330
-1 90330
+2 90330
-3 90330
+3 210770
-1 60220
+1 60220
-1 30110
-1 30110
+2 30110
-3 30110
+3 60220

fn=(504) Bitpack_getu
83 1846370328
+1 307728388
-1 307728388
+2 615456776
+2 1230913552
-67 307728388
+67 615456776
-67 307728388
+2 307728388
-1 307728388
+3 923185164
+8 615456776
+2 307728388
-1 307728388
+3 923185164
+52 1846370328

fl=(88)
fn=(540) expand
16 36
+1 27
+1 54
cfi=(89) /usr/sup/src/cii40/src/uarray.c
cfn=(542) UArray_resize
calls=9 +29 
* 960830
+1 36
+6 18

fn=(536) Seq_addhi
89 11280360
+3 8460270
+1 27
cfn=(540)
calls=9 -77 
* 961001
+1 8460270
+1 4230135
+1 12690405
-1 4230135
+1 2820090
-1 1410045
+2 5640180

fn=(538) Seq_remhi
70 9756502
+3 2787572
-3 2787572
+4 11150288
+1 4181358
+1 12544074
-1 5575144
+2 5575144

fn=(588)
45 6
+1 4
-1 1
+3 3
cfi=(89)
cfn=(590) UArray_free
calls=1 -19 
* 185
+1 2

fn=(450)
26 7
+3 5
cfi=(87)
cfn=(452) Mem_calloc
calls=1 -7 
* 1645
* 1
+1 2
+3 3
-1 4
cfi=(87)
cfn=(448)
calls=1 -24 
* 208
* 8
cfi=(89)
cfn=(460) UArrayRep_init
calls=1 -14 
* 29
+2 1
+1 4

fn=(526) Seq_length
50 8489004
+2 2829668
+1 2829668

fl=(72)
fn=(344)
32 4
+1 1
-1 4
+1 1
cob=(3)
cfi=(73)
cfn=(350)
calls=1 +74 
* 504
cob=(1)
cfi=(54)
cfn=(262)
calls=1 -3 
* 1362
* 5
+1 1
-1 1
+1 4
-2 2
+6 2
cob=(3)
cfi=(80)
cfn=(382)
calls=1 -1 
* 247
cob=(1)
cfi=(54)
cfn=(262)
calls=1 -8 
* 1258
* 5
-6 60218
+6 60218
cob=(3)
cfi=(80)
cfn=(382)
calls=30109 -1 
* 1174363
* 30109
* 180660
cob=(3)
cfi=(80)
cfn=(382)
calls=90330 -1 
* 3522870
* 90330
+1 722640
cfi=(85)
cfn=(412)
calls=120440 +54 
* 6594090
-2 120440
+2 120440
-2 120440
+5 60220
-8 60220
+11 2
-1 1
+1 3
-1 1
cob=(3)
cfi=(86)
cfn=(420)
calls=1 -1 
* 426
cob=(1)
cfi=(54)
cfn=(262)
calls=1 -14 
* 1366
* 5

fn=(524) mem_create_id
95 2829668
+2 2829668
cfi=(88)
cfn=(526)
calls=1414834 -47 
* 14148340
* 2829668
+3 63144
+3 42096
+6 42096
-2 2787572
cfi=(88)
cfn=(538)
calls=1393786 -37 
* 54357654
+2 2787572

fn=(522) mem_create_segment
56 2829668
+1 2829668
-1 4244502
+1 1414834
cob=(3)
cfi=(63)
cfn=(318)
calls=1414834 3646 
* 146120917
* 1414834
+1 2829668
-1 1414834
+1 2829668
+1 2829668
-1 2829668
+1 14189112
-1 14189112
+4 2829668
cfn=(524)
calls=1414834 +33 
* 82717478
+1 1414834
-1 1414834
+1 1414834
cfn=(464)
calls=1414834 +54 
* 1442160237
* 5659336
cfi=(90)
cfn=(494)
calls=1414834 -4 
* 1015785401
+3 7074170

fn=(464)
117 247124488
+2 247124488
-2 123562244
+2 370686732
cob=(3)
cfi=(91)
cfn=(470)
calls=123562244 -90 
* 76114621932
cob=(1)
cfi=(54)
cfn=(262)
calls=1 -89 
* 1428
* 123562248
+1 2478649381
cfi=(98) /usr/sup/src/cii40/src/atom.c
cfn=(486) Atom_new
calls=123562244 -41 
* 27544138059
+2 370686732

fn=(532) mem_delete_segment
77 5640180
+1 1410045
-1 1410045
+1 1410045
cfn=(464)
calls=1410045 +39 
* 1433274926
* 4230135
cfi=(90)
cfn=(534) Table_remove
calls=1410045 +23 
* 269703693
+1 2820090
+2 2820090
cob=(3)
cfi=(63)
cfn=(442)
calls=1410045 3694 
* 118443900
* 1410045
+3 1410045
+1 1410045
-1 1410045
+1 2820090
-1 1410045
cfi=(88)
cfn=(536)
calls=1410045 +5 
* 60182918

fl=(53)
fn=(600)
0 14
cfn=(606) 0x0000000000400d30
calls=1 0 
0 8
0 5

fn=(254)
0 11
cob=(3)
cfi=(56)
cfn=(268)
calls=1 96 
0 212012181660
cob=(1)
cfi=(54)
cfn=(262)
calls=1 30 
0 1699
0 5

fn=(278)
0 6

fn=(274)
0 15
cob=(2)
cfi=(12)
cfn=(276)
calls=1 0 
0 39
0 10

fn=(284)
0 15

fn=(294)
0 12

fn=(606)
0 8

fl=(90)
fn=(462)
28 8
+6 9
+2 13
cfi=(87)
cfn=(448)
calls=1 -28 
* 204
* 1
+2 8
+1 5
+1 5
+1 4
+1 2
+1 3563
-1 2549
+2 2
+1 2
+1 1
+1 2

fn=(498)
48 1086636276
+5 603686820
cfn=(496) hashatom
calls=120737364 -30 
* 845161548
* 845161548
+1 1086636276
+1 19353095520
cfn=(500) cmpatom
calls=2419136940 -35 
* 24191369400
* 4838273880
-1 11733490956
+2 120734306
+1 603680704
+1 241474728

fn=(500)
20 9798306700
+1 9798306700
+1 4899153350

fn=(586)
133 6
+1 4
-1 1
+2 5
+3 2
+1 5090
+1 14370
+1 23950
cfi=(87)
cfn=(508)
calls=4790 36 
* 469420
* 4790
-2 20178
-1 3059
+6 6
cfi=(87)
cfn=(508)
calls=1 36 
* 130
* 2
+1 2

fn=(494)
59 14148350
+6 7074175
cfn=(496)
calls=1414835 -42 
* 9903845
* 9903845
+1 12733515
+1 231321752
cfn=(500)
calls=28915219 -47 
* 289152190
* 57830438
-1 148820600
+3 2829670
+1 5659340
cfi=(87)
cfn=(448)
calls=1414835 -62 
* 171229424
* 1414835
+1 4244505
+1 12733515
+1 11318680
+1 7074175
+1 2829670
+3 4244505
+1 7074175
+1 1414835
+1 2829670

fn=(496)
23 370686732
+1 247124488
+1 247124488

fn=(534)
101 12690405
+5 7050225
+1 7050225
cfn=(496)
calls=1410045 -84 
* 9870315
* 9870315
+1 11280360
+1 13720644
cfn=(500)
calls=1524516 -89 
* 15245160
* 3049032
+1 4230135
+1 4230135
+1 5640180
+1 7050225
cfi=(87)
cfn=(508)
calls=1410045 -77 
* 138184410
* 1410045
+1 7050225
+1 2820090
-7 6441477
+10 2820090

fn=(584)
82 6
+2 2
+1 2

fl=(89)
fn=(590)
29 6
+1 4
-1 1
+2 7
cfi=(87)
cfn=(508)
calls=1 +5 
* 56
* 3
+1 6
cfi=(87)
cfn=(508)
calls=1 +4 
* 98
* 2
+1 2

fn=(542)
47 90
+3 18
+2 36
+3 99
cfi=(87)
cfn=(544) Mem_resize
calls=9 -14 
* 960497
* 27
+1 27
+1 36

fn=(460)
18 11
+2 2
-2 2
+4 3
+1 3
+1 2
+1 4
+3 2

fl=(87)
fn=(452)
22 11
+4 5
cob=(3)
cfi=(63)
cfn=(458)
calls=1 4040 
* 244
cob=(1)
cfi=(54)
cfn=(262)
calls=1 +4 
* 1374
* 5
* 1
+1 2
+7 1
+1 2

fn=(508)
36 518912166
+1 172970722
+1 259456083
cob=(3)
cfi=(63)
cfn=(442)
calls=86485361 3694 
* 7264770314
cob=(1)
cfi=(54)
cfn=(262)
calls=1 -8 
* 1281
* 86485365
+1 172970722

fn=(448)
8 692051272
+3 259519227
cob=(3)
cfi=(63)
cfn=(318)
calls=86506409 3646 
* 8742183514
* 86506409
* 86506409
+1 173012818
+7 86506409
+1 173012818

fn=(544)
41 99
+3 45
cob=(3)
cfi=(63)
cfn=(550)
calls=9 3745 
* 959030
cob=(1)
cfi=(54)
cfn=(262)
calls=1 -14 
* 1256
* 13
* 9
+1 18
+7 9
+1 18

fl=(98)
fn=(486)
79 1112060196
+6 370686732
+1 2498905110
-1 1139580612
+2 123562244
+1 741373464
+1 7030811980
+1 343441286
+1 220844052
-1 4405976085
+2 515161929
+1 370623585
-5 8417933488
+7 147343
cfi=(87)
cfn=(448)
calls=21049 -87 
* 4676597
* 21049
+1 63147
+1 84196
+1 42098
+1 168392
cob=(3)
cfi=(99)
cfn=(492)
calls=21049 -43 
* 427668
cob=(1)
cfi=(54)
cfn=(262)
calls=1 -69 
* 1334
* 21053
+1 126294
+1 126294
+1 105245
+1 42098
+1 247124488

fl=(100)
fn=(518) seg_load
115 97306520
+3 77845216
cfi=(72)
cfn=(464)
calls=19461304 -1 
* 17984150404
-1 58383912
cfi=(90)
cfn=(498)
calls=19461304 -69 
* 7155216268
+2 38922608
+3 77845216
+1 38922608
+1 77845216

fn=(556) output
259 181
+1 543
+1 362
fi=(101) /usr/include/bits/stdio.h
82 362
fe=(100)
264 181
fi=(101)
82 181
cob=(3)
cfi=(102)
cfn=(564)
calls=181 -53 
* 15491
cob=(1)
cfi=(54)
cfn=(262)
calls=1 -52 
* 1381
* 185
fe=(100)

fn=(514) load_program
293 32139981
+1 17855545
+3 14284436
+20 28568872

fn=(528) division
191 1192352
+1 511008
+1 340672
+1 340672
+2 340672
+2 170336
-2 170336
+2 170336
+1 1022016

fn=(516) seg_store
133 81003740
+3 64802992
cfi=(72)
cfn=(464)
calls=16200748 -19 
* 14999733386
-1 48602244
cfi=(90)
cfn=(498)
calls=16200748 -87 
* 5660360891
+2 32401496
+3 97204488
+1 64802992

fn=(530) unmap_seg
246 7050225
+1 7050225
+3 1410045
-1 1410045
+1 2820090
-1 1410045
cfi=(72)
cfn=(532)
calls=1410045 77 
* 1911216382

fn=(502)
28 85070522
+2 85070522
-2 85070522
+2 85070522
-2 170141044
+2 85070522
-2 85070522
+2 85070522
cfi=(87)
cfn=(448)
calls=85070522 -22 
* 10123392221
+2 255211566
-2 85070522
+2 85070522
cfi=(85)
cfn=(504)
calls=85070522 +51 
* 3062538792
+3 85070522
-1 85070522
+1 85070522
+7 130214800
cfi=(85)
cfn=(504)
calls=32553700 +41 
* 1171933200
+1 32553700
-1 32553700
+1 97661100
cfi=(85)
cfn=(504)
calls=32553700 +40 
* 1171933200
+2 97661100
+2 97661100
-2 32553700
cfn=(506) function_chooser
calls=32553700 +12 
* 4524965585
-9 210067288
cfi=(85)
cfn=(504)
calls=52516822 +47 
* 1890605592
+1 52516822
-1 52516822
+1 157550466
cfi=(85)
cfn=(504)
calls=52516822 +46 
* 1890605592
+1 52516822
-1 52516822
+1 157550466
cfi=(85)
cfn=(504)
calls=52516822 +45 
* 1890605592
+7 52516822
-7 52516822
+7 52516822
+2 157550466
-7 52516822
+5 52516822
cfn=(506)
calls=52516822 +12 
* 57632764083

fn=(520) map_seg
234 7074170
+1 5659336
cfi=(72)
cfn=(522)
calls=1414834 56 
* 2760436945
+1 4244502
+1 5659336

fn=(506)
57 85070522
+1 85070522
-1 85070522
+2 170141044
+44 13732095
+1 9848920
-13 7386690
+1 2462230
-1 2462230
cfi=(87)
cfn=(508)
calls=2462230 -55 
* 241298540
* 247824876
+1 82608292
-1 82608292
cfi=(87)
cfn=(508)
calls=82608292 -55 
* 8095613901
-30 164648206
+2 125725598
+2 93324102
+2 87042022
+2 86832192
+2 86491520
+2 77899740
+2 116849607
+2 75070070
+2 72249980
+2 72249618
+2 72249618
+2 65107400
+70 3141040
+5 3141040
-6 6282080
+4 6282080
+2 6282080
+15 104915
+5 104915
-6 209830
+4 209830
+2 209830
+31 4295890
+2 4295890
-3 8591780
+2 21479450
62 19461304
cfn=(518)
calls=19461304 +53 
* 25606437968
* 19461304
+2 16200748
cfn=(516)
calls=16200748 +69 
* 21048912229
* 16200748
224 2
328 130214800
70 170336
cfn=(528)
calls=170336 191 
* 4258400
* 170336
+6 1414834
cfn=(520)
calls=1414834 234 
* 2783074289
* 1414834
+2 1410045
cfn=(530)
calls=1410045 246 
* 1932367057
* 1410045
+2 181
cfn=(556)
calls=181 259 
* 18867
* 181
+2 3571109
+2 3571109
cfn=(514)
calls=3571109 293 
* 92848834
* 3571109

totals: 212012343649
